27988.0 0.2349971705720988 -0.8553368156008259 -0.021321501221750916 0.03698354905530077 -0.22975940428449992 -0.15068801231963946 
22356.0 -0.08231175384434164 -0.9850184809560099 -0.9980265213071693 0.44952160560899945 0.20919202612841414 -0.40739961189505736 
5368.0 -0.5385863699986342 -0.4123502611228598 -0.8574371844227475 -0.537296574271398 0.20919202612841414 -0.11840080553193921 
0.0 -0.12218401551957636 -0.9850184809560099 -0.768840436023889 0.5528948727436331 0.2536010034719134 0.36896353882308053 
4572.0 -0.12218401551957636 -0.9850184809560099 -0.021321501221750916 0.03698354905530077 -0.13546791471613084 -0.36715299677238833 
11420.0 -0.12218401551957636 -0.9684846594440448 -0.6871977598846857 0.7150095862464345 -0.13546791471613084 -0.36715299677238833 
216.0 -0.11976958854523212 -0.5539079334536867 0.8575113711895677 -0.4799718884139432 -0.24471728644048563 -0.24853308151710607 
3504.0 -0.12218401551957636 -0.9850184809560099 -0.2529500709960826 0.021039181243303062 -0.22975940428449992 -0.40739961189505736 
9600.0 -0.12218401551957636 -0.9850184809560099 -0.9980265213071693 -0.6711422806309189 -0.13546791471613084 -0.12549688422397431 
4408.0 -0.36071415960129904 -0.8867325897425451 -0.6147345383724541 0.669616672728077 -0.24471728644048563 -0.24853308151710607 
6188.0 -0.3116998974435856 -0.9850184809560099 -0.6749162637780823 -0.4718114382675951 0.11663262652973705 -0.40739961189505736 
10248.0 0.36623978674659474 -0.8293262767890814 -0.6291226078283896 0.669616672728077 -0.24471728644048563 -0.07010328698849477 
0.0 0.36623978674659474 -0.2880166560815631 -0.7011498936553151 0.24354912725536537 -0.2919074657928904 0.8212437245613258 
3056.0 0.36623978674659474 -0.5539079334536867 -0.6147345383724541 0.6466560541736135 0.2571999222274848 -0.24853308151710607 
19056.0 -0.12218401551957636 -0.9850184809560099 -0.9980265213071693 0.021039181243303062 0.20919202612841414 -0.36715299677238833 
268.0 -0.9961695909258617 0.14455020081353132 -0.4296943878346591 0.24354912725536537 0.033672022651782374 -0.1791328916147512 
4180.0 -0.08231175384434164 -0.9850184809560099 -0.6147345383724541 -0.3855004322608506 -0.6743184137309741 -0.40739961189505736 
4248.0 0.9928356317699991 -0.8293262767890814 -0.9980265213071693 0.7150095862464345 -0.2919074657928904 -0.27946620396500843 
33552.0 -0.12218401551957636 -0.8803131323362399 -0.9980265213071693 0.44952160560899945 0.20919202612841414 -0.40739961189505736 
10676.0 -0.20644484902702653 -0.5539079334536867 -0.9980265213071693 -0.5717172399075432 -0.13546791471613084 -0.36715299677238833 
5036.0 -0.12218401551957636 -0.8293262767890814 -0.28836504457359435 -0.3289927511495432 0.2536010034719134 -0.40739961189505736 
20852.0 -0.3392278698265845 -0.3367278595311456 -0.8574371844227475 0.06580982190630502 0.3114046846859595 -0.20369484144842476 
248.0 -0.7762060901858705 -0.4123502611228598 0.8005752734480043 0.5528948727436331 0.20919202612841414 -0.3076859711600983 
8816.0 0.13292808385177146 -0.8803131323362399 -0.9980265213071693 -0.21122147464454555 0.03827636238772936 -0.12549688422397431 
19892.0 -0.6587904245489093 -0.8803131323362399 -0.6147345383724541 -0.8581521253135374 0.6608290537072841 -0.24853308151710607 
336.0 -0.43175546591508485 -0.2122275927172541 0.21823458256729844 0.7150095862464345 0.20919202612841414 -0.40739961189505736 
12100.0 -0.5385863699986342 -0.8293262767890814 -0.6291226078283896 -0.3289927511495432 -0.2919074657928904 -0.10984458002859965 
3892.0 -0.12218401551957636 -0.9850184809560099 -0.9980265213071693 0.14561181758028674 0.2536010034719134 -0.920949858895922 
0.0 -0.42009538500397947 -0.9850184809560099 -0.9980265213071693 0.44952160560899945 0.43501192265755884 0.951372788659705 
6488.0 0.36623978674659474 -0.4123502611228598 -0.768840436023889 0.5528948727436331 -0.2919074657928904 -0.3076859711600983 
4140.0 -0.8819317950009 -0.5539079334536867 -0.12316538603990446 -0.5717172399075432 0.7716990310323337 -0.24853308151710607 
1944.0 0.9516269597217624 -0.8293262767890814 -0.6291226078283896 -0.3289927511495432 0.2536010034719134 -0.2713299130458995 
29352.0 -0.3012042165875086 -0.9335916536705278 -0.768840436023889 0.5528948727436331 0.033672022651782374 -0.3076859711600983 
2464.0 0.7074778748432771 -0.8867325897425451 -0.9980265213071693 -0.3289927511495432 0.20919202612841414 -0.24853308151710607 
3640.0 -0.044595344128704806 -0.9850184809560099 -0.6147345383724541 -0.5717172399075432 0.7716990310323337 -0.24853308151710607 
6040.0 -0.12218401551957636 -0.9850184809560099 -0.9980265213071693 0.44952160560899945 -0.35041988948959935 -0.12549688422397431 
0.0 -0.08231175384434164 0.3564232582298954 -0.4982336010031101 -0.4799718884139432 0.20919202612841414 -0.40739961189505736 
0.0 -0.7762060901858705 -0.8867325897425451 -0.9980265213071693 0.021039181243303062 0.20919202612841414 0.7661310771436389 
28724.0 -0.12218401551957636 -0.9850184809560099 -0.9980265213071693 0.7903031169363124 0.3075296977749018 -0.40739961189505736 
11872.0 -0.12218401551957636 -0.8867325897425451 -0.9980265213071693 0.021039181243303062 0.7716990310323337 -0.40739961189505736 
10956.0 -0.10653931101981251 -0.2880166560815631 -0.47138963445441373 0.24354912725536537 0.11663262652973705 -0.08283346161728566 
3492.0 -0.4435485634125895 -0.3367278595311456 -0.6749162637780823 0.01658713697219838 -0.24471728644048563 -0.20369484144842476 
7140.0 -0.8442659188410033 -0.9335916536705278 -0.8510378839179378 0.8469018133429989 0.47156455382625784 -0.27946620396500843 
4148.0 -0.12218401551957636 -0.9714673468470465 -0.9980265213071693 0.7385735397840574 0.20919202612841414 -0.04787250658538511 
16440.0 -0.2035073728088581 -0.4123502611228598 -0.768840436023889 0.5528948727436331 0.4305162339074484 -0.3076859711600983 
16544.0 -0.12218401551957636 -0.8232071401854666 -0.8791964734805444 0.14561181758028674 0.20919202612841414 -0.12549688422397431 
10024.0 -0.5275986805301023 -0.9850184809560099 -0.6147345383724541 0.6466560541736135 0.20919202612841414 -0.24853308151710607 
6568.0 -0.6694715887646987 -0.4123502611228598 -0.6147345383724541 0.6466560541736135 0.7716990310323337 -0.3076859711600983 
1692.0 -0.4313268517240241 -0.4123502611228598 -0.768840436023889 0.021039181243303062 -0.6837029159435581 -0.40739961189505736 
5300.0 0.486362596048006 -0.8867325897425451 -0.6147345383724541 -0.3855004322608506 0.20919202612841414 -0.24853308151710607 
9200.0 0.020108493504148228 -0.9850184809560099 -0.6147345383724541 0.3752490288755286 0.20919202612841414 -0.40739961189505736 
0.0 -0.6587904245489093 -0.9850184809560099 -0.9980265213071693 0.021039181243303062 0.7716990310323337 0.4266962812123398 
11088.0 -0.3116998974435856 -0.9684846594440448 -0.13024600114837726 0.5528948727436331 0.11663262652973705 -0.3076859711600983 
0.0 -0.12218401551957636 -0.9850184809560099 -0.7011498936553151 -0.6711422806309189 -0.13546791471613084 0.15745652518424236 
17804.0 0.1512686200010207 -0.8803131323362399 -0.9005000261875944 -0.24967018091833926 0.15617222656700314 -0.40739961189505736 
10312.0 -0.5134782135730873 -0.6708394916783809 -0.3862611350295355 -0.5836097820640915 0.15744999696821704 -0.28824204225891026 
1156.0 0.4967351173279513 -0.3367278595311456 -0.4249296267609244 -0.4799718884139432 0.32209660445010346 -0.20369484144842476 
836.0 0.9427438707634164 -0.9684846594440448 -0.15706734432594915 -0.3289927511495432 0.7716990310323337 -0.36715299677238833 
7132.0 -0.3116998974435856 -0.4123502611228598 -0.6749162637780823 -0.537296574271398 0.4305162339074484 -0.10984458002859965 
12520.0 0.13292808385177146 -0.8293262767890814 -0.6147345383724541 -0.3289927511495432 0.15617222656700314 -0.40530994110346286 
10572.0 -0.6587904245489093 -0.8867325897425451 -0.5168469907231337 -0.3855004322608506 0.7716990310323337 -0.2713299130458995 
6728.0 -0.6587904245489093 -0.4123502611228598 -0.8574371844227475 -0.3855004322608506 0.903843855000785 -0.24853308151710607 
3864.0 -0.3116998974435856 -0.502386296949104 -0.6749162637780823 0.01658713697219838 0.11663262652973705 -0.40739961189505736 
4668.0 -0.4313268517240241 -0.4123502611228598 -0.768840436023889 0.24354912725536537 0.033672022651782374 -0.026928847203200323 
38296.0 -0.5620230696442885 -0.8293262767890814 -0.9980265213071693 0.021039181243303062 0.20919202612841414 -0.2713299130458995 
13424.0 -0.12218401551957636 -0.9850184809560099 -0.9980265213071693 0.021039181243303062 0.7213709027308666 -0.40739961189505736 
10324.0 -0.08231175384434164 -0.5539079334536867 -0.9980265213071693 0.669616672728077 0.4506424234230424 -0.24853308151710607 
8124.0 -0.12218401551957636 -0.9850184809560099 -0.9980265213071693 0.14561181758028674 -0.9577306645637811 -0.15068801231963946 
7804.0 0.36623978674659474 -0.711511273321296 -0.06952413011878678 0.11698248077049156 -0.2919074657928904 -0.03992410338659913 
8116.0 -0.8672874878801331 -0.6708394916783809 -0.9980265213071693 -0.7321328774986731 0.20919202612841414 -0.38018515076542725 
24540.0 -0.43175546591508485 -0.711511273321296 -0.6147345383724541 -0.5273428555730346 0.47156455382625784 -0.24853308151710607 
7468.0 0.19625597798988714 -0.9335916536705278 -0.9980265213071693 0.7903031169363124 0.033672022651782374 -0.1791328916147512 
2648.0 -0.12218401551957636 0.03403932028086665 -0.9980265213071693 0.44952160560899945 0.15617222656700314 -0.40739961189505736 
7432.0 -0.3116998974435856 -0.9684846594440448 -0.7011498936553151 -0.5717172399075432 0.261912642406386 -0.08283346161728566 
13812.0 -0.12218401551957636 -0.9850184809560099 -0.9980265213071693 0.7903031169363124 0.20919202612841414 -0.27588509082480606 
4472.0 0.36623978674659474 -0.5539079334536867 -0.6147345383724541 0.669616672728077 0.15205741162587905 -0.15068801231963946 
11720.0 -0.5286043389239417 -0.9850184809560099 -0.46820659717728663 -0.42395470890332776 0.32209660445010346 -0.12549688422397431 
712.0 0.9641124183011025 -0.4123502611228598 -0.768840436023889 0.5528948727436331 0.15617222656700314 -0.24853308151710607 
3548.0 0.7360373443973216 -0.9850184809560099 -0.9980265213071693 0.44952160560899945 0.20919202612841414 -0.40739961189505736 
23384.0 -0.3116998974435856 -0.8803131323362399 -0.6749162637780823 -0.21122147464454555 0.11663262652973705 -0.20369484144842476 
10836.0 -0.6694715887646987 -0.9684846594440448 -0.9560456839625835 0.6466560541736135 0.7716990310323337 -0.40739961189505736 
11076.0 -0.8672874878801331 -0.8867325897425451 -0.6147345383724541 -0.5836097820640915 0.7716990310323337 -0.3341577632613113 
848.0 0.5378747694761816 -0.2880166560815631 -0.327095527171094 -0.6158489077074458 0.20919202612841414 -0.40739961189505736 
20292.0 -0.3392278698265845 -0.3302400327414705 -0.9980265213071693 0.3068464590234683 0.20919202612841414 -0.3076859711600983 
22936.0 -0.08231175384434164 -0.9850184809560099 -0.8510378839179378 0.7405316067862495 0.20919202612841414 -0.40739961189505736 
1272.0 0.16049319809176454 -0.9850184809560099 0.6852894779029786 -0.3855004322608506 0.20919202612841414 -0.40739961189505736 
5232.0 -0.12218401551957636 -0.8293262767890814 -0.6291226078283896 0.14561181758028674 -0.6214512883841337 -0.12549688422397431 
10168.0 -0.12218401551957636 -0.9850184809560099 -0.9005000261875944 0.021039181243303062 0.033672022651782374 -0.5980093905577495 
0.0 0.020108493504148228 -0.9850184809560099 -0.6147345383724541 -0.3289927511495432 0.7716990310323337 0.9500038996082534 
19232.0 0.36623978674659474 -0.5575980960169094 -0.6291226078283896 -0.0244052006013169 -0.2919074657928904 -0.2713299130458995 
0.0 0.07721133251739754 -0.8553368156008259 -0.021321501221750916 0.7405316067862495 0.033672022651782374 0.6210162488237865 
4696.0 0.35066107556326975 -0.8803131323362399 -0.46820659717728663 0.14561181758028674 0.20919202612841414 -0.12549688422397431 
33280.0 -0.3116998974435856 -0.4123502611228598 -0.6749162637780823 0.5528948727436331 0.11663262652973705 -0.20369484144842476 
0.0 -0.3116998974435856 0.3113849814912022 -0.6749162637780823 0.01658713697219838 0.20919202612841414 -0.40739961189505736 
0.0 -0.12218401551957636 0.2622811314056781 -0.9980265213071693 -0.6711422806309189 -0.13546791471613084 -0.22363979912616672 
6064.0 -0.12218401551957636 -0.9850184809560099 -0.9980265213071693 0.14561181758028674 -0.8021953355365905 -0.27588509082480606 
6192.0 -0.43175546591508485 -0.8803131323362399 -0.4982336010031101 -0.24967018091833926 -0.5223361973657528 -0.27588509082480606 
0.0 0.36623978674659474 -0.3367278595311456 -0.6749162637780823 -0.2506700796307282 0.11663262652973705 0.5091750761205425 
10888.0 0.36623978674659474 -0.5554584448175073 -0.9560456839625835 0.669616672728077 -0.24471728644048563 -0.40739961189505736 
39480.0 -0.08231175384434164 -0.9850184809560099 -0.9980265213071693 0.44952160560899945 0.20919202612841414 -0.40739961189505736 
4344.0 0.2738817100146951 -0.9684846594440448 -0.15706734432594915 0.7150095862464345 0.15617222656700314 -0.27588509082480606 
8628.0 -0.6791903537454687 -0.8553368156008259 -0.9980265213071693 0.03698354905530077 0.20919202612841414 -0.15068801231963946 
320.0 -0.4313268517240241 -0.9850184809560099 0.9903960721334604 0.021039181243303062 0.3114046846859595 -0.3076859711600983 
1504.0 0.2349971705720988 -0.9850184809560099 0.4647079481916978 0.021039181243303062 -0.22975940428449992 -0.40739961189505736 
26572.0 -0.42009538500397947 -0.9850184809560099 -0.7011498936553151 0.01658713697219838 0.43501192265755884 -0.40739961189505736 
20.0 -0.12218401551957636 -0.6708394916783809 -0.8574371844227475 -0.5836097820640915 0.15617222656700314 0.977971684178633 
30688.0 -0.12218401551957636 -0.9850184809560099 -0.9980265213071693 0.482410250778625 0.20919202612841414 -0.27588509082480606 
63604.0 0.2972280962244034 -0.8553368156008259 -0.021321501221750916 0.8894822876785806 -0.22975940428449992 -0.15068801231963946 
7748.0 -0.6694715887646987 -0.9684846594440448 -0.6147345383724541 0.24354912725536537 0.033672022651782374 -0.24853308151710607 
3568.0 0.5993398007362809 -0.9850184809560099 -0.9980265213071693 -0.6711422806309189 0.2536010034719134 -0.40739961189505736 
23608.0 0.2349971705720988 -0.9684846594440448 0.2294981462176342 0.03698354905530077 -0.22975940428449992 -0.15068801231963946 
4948.0 0.18075295681324355 -0.9850184809560099 -0.7011498936553151 -0.3289927511495432 0.5620023003170553 -0.40739961189505736 
10532.0 0.2349971705720988 -0.9850184809560099 -0.9980265213071693 0.03698354905530077 0.20919202612841414 -0.40739961189505736 
0.0 -0.12218401551957636 -0.9850184809560099 -0.9560456839625835 -0.3289927511495432 0.2536010034719134 0.8465968249247331 
20416.0 -0.6694715887646987 -0.4901634960666601 -0.6147345383724541 0.6466560541736135 0.7716990310323337 -0.27588509082480606 
19088.0 0.240617472354415 -0.8553368156008259 -0.9980265213071693 0.021039181243303062 -0.22975940428449992 -0.15068801231963946 
3012.0 -0.8672874878801331 -0.8553368156008259 -0.021321501221750916 0.03698354905530077 -0.0905605981581663 -0.15068801231963946 
19432.0 -0.08231175384434164 -0.017795830085560516 -0.9980265213071693 0.44952160560899945 0.15617222656700314 -0.24853308151710607 
16372.0 -0.17048624500134113 -0.1495484590552454 -0.9980265213071693 0.01658713697219838 -0.12459599302360469 -0.08283346161728566 
3604.0 0.020108493504148228 -0.9850184809560099 -0.2647277468065079 -0.537296574271398 0.20919202612841414 -0.10984458002859965 
13920.0 -0.12218401551957636 -0.9850184809560099 -0.9980265213071693 0.24354912725536537 0.26030604857652806 -0.1791328916147512 
3420.0 0.16049319809176454 -0.8293262767890814 0.23119333828929567 -0.3289927511495432 0.20919202612841414 -0.2713299130458995 
4100.0 0.2349971705720988 -0.8553368156008259 -0.021321501221750916 -0.6343544184926493 -0.22975940428449992 -0.40739961189505736 
0.0 0.2349971705720988 0.664882016767429 -0.9980265213071693 0.03698354905530077 -0.22975940428449992 -0.40739961189505736 
260.0 0.36623978674659474 -0.5539079334536867 -0.040010053489742514 0.5528948727436331 0.8360680006314483 -0.24853308151710607 
0.0 0.07721133251739754 -0.9335916536705278 -0.6147345383724541 0.7405316067862495 0.033672022651782374 0.48180510343074845 
2848.0 -0.3116998974435856 0.01845269514139858 -0.6749162637780823 0.021039181243303062 0.11663262652973705 -0.20369484144842476 
0.0 -0.08231175384434164 0.5004932353024132 -0.9980265213071693 0.44952160560899945 0.20919202612841414 -0.40739961189505736 
20876.0 0.07721133251739754 -0.9335916536705278 -0.9560456839625835 -0.05447448945635647 0.033672022651782374 -0.1791328916147512 
25852.0 -0.08231175384434164 -0.9850184809560099 -0.9980265213071693 -0.21122147464454555 0.20919202612841414 -0.24853308151710607 
9636.0 0.7099495317106692 -0.8232071401854666 -0.9980265213071693 0.7150095862464345 -0.2919074657928904 -0.40739961189505736 
35204.0 -0.3116998974435856 -0.3367278595311456 -0.9980265213071693 0.021039181243303062 0.11663262652973705 -0.20369484144842476 
4876.0 0.4689278236612131 -0.8553368156008259 -0.2001391243222681 0.7150095862464345 -0.22975940428449992 -0.38018515076542725 
8544.0 -0.3512336386858208 -0.4123502611228598 -0.9980265213071693 -0.8919945737350612 0.4305162339074484 -0.40739961189505736 
13032.0 -0.08231175384434164 -0.8232071401854666 -0.9980265213071693 0.44952160560899945 0.20919202612841414 -0.5265948171928181 
0.0 0.36623978674659474 0.4019579977305232 -0.6147345383724541 -0.3855004322608506 -0.24471728644048563 -0.24853308151710607 
7520.0 -0.6587904245489093 -0.8867325897425451 -0.6147345383724541 0.021039181243303062 0.7716990310323337 -0.08283346161728566 
4412.0 0.36623978674659474 -0.5539079334536867 -0.327095527171094 0.6466560541736135 0.033672022651782374 -0.2713299130458995 
0.0 -0.7762060901858705 0.00513956998232068 0.5220555162571885 0.021039181243303062 0.15617222656700314 -0.08283346161728566 
35944.0 0.2349971705720988 -0.8553368156008259 -0.6147345383724541 0.03698354905530077 -0.22975940428449992 -0.24853308151710607 
60.0 -0.3116998974435856 0.00513956998232068 -0.49271640999275235 -0.8581521253135374 0.20919202612841414 -0.11840080553193921 
0.0 -0.7762060901858705 -0.9850184809560099 -0.9980265213071693 -0.3289927511495432 0.20919202612841414 0.966654304633356 
3820.0 -0.12218401551957636 -0.9684846594440448 -0.9980265213071693 -0.3626285987710185 0.7716990310323337 -0.36715299677238833 
11304.0 -0.6694715887646987 -0.9684846594440448 -0.6147345383724541 -0.4799718884139432 0.15617222656700314 -0.24853308151710607 
572.0 0.2349971705720988 -0.711511273321296 -0.021321501221750916 0.03698354905530077 0.7716990310323337 -0.15068801231963946 
15976.0 -0.7201788333181265 -0.9850184809560099 -0.9980265213071693 0.7903031169363124 0.20919202612841414 -0.40739961189505736 
16476.0 -0.3116998974435856 -0.4123502611228598 -0.9756114326255132 0.5528948727436331 0.3114046846859595 -0.3076859711600983 
2596.0 -0.5385863699986342 -0.4123502611228598 -0.6749162637780823 -0.537296574271398 -0.7279954693999697 -0.20369484144842476 
1064.0 0.2349971705720988 -0.9850184809560099 0.5141448665250865 0.44952160560899945 0.20919202612841414 -0.40739961189505736 
8468.0 -0.6587904245489093 -0.9850184809560099 -0.9005000261875944 0.9239082576014219 0.033672022651782374 -0.24853308151710607 
5228.0 0.4889851347148588 -0.9684846594440448 -0.9980265213071693 0.7903031169363124 0.20919202612841414 -0.36715299677238833 
1328.0 0.36623978674659474 -0.9850184809560099 -0.6291226078283896 0.021039181243303062 0.6419887056725118 -0.2713299130458995 
5676.0 -0.7762060901858705 -0.9850184809560099 -0.9980265213071693 0.021039181243303062 0.20919202612841414 -0.08283346161728566 
1928.0 0.07721133251739754 -0.4123502611228598 -0.8510378839179378 0.7405316067862495 0.033672022651782374 -0.6698868853874547 
3588.0 -0.12218401551957636 -0.9850184809560099 -0.6147345383724541 0.021039181243303062 0.7716990310323337 -0.40739961189505736 
9420.0 -0.8145639155762585 -0.8867325897425451 -0.7011498936553151 -0.3855004322608506 0.20919202612841414 -0.24853308151710607 
600.0 0.46982554925674713 -0.9684846594440448 -0.021321501221750916 0.03698354905530077 0.7716990310323337 -0.24853308151710607 
32.0 0.36623978674659474 0.00513956998232068 -0.6147345383724541 -0.4357330419992209 0.20919202612841414 -0.08283346161728566 
0.0 -0.12218401551957636 -0.9335916536705278 -0.4982336010031101 -0.24967018091833926 0.033672022651782374 0.34755354854605947 
3268.0 -0.12218401551957636 -0.711511273321296 -0.9005000261875944 0.5706331861159006 0.7716990310323337 -0.24853308151710607 
22176.0 0.13292808385177146 -0.8803131323362399 -0.6147345383724541 -0.21122147464454555 -0.22975940428449992 -0.15068801231963946 
35560.0 -0.12218401551957636 -0.839569109457402 -0.9980265213071693 0.01658713697219838 0.11663262652973705 -0.40739961189505736 
4564.0 -0.6117941325422791 -0.6569361059244563 -0.15706734432594915 -0.5717172399075432 0.7993747618828604 -0.24853308151710607 
6152.0 0.07721133251739754 -0.9335916536705278 -0.9980265213071693 0.7903031169363124 -0.9701453842154946 -0.1791328916147512 
4504.0 0.13292808385177146 -0.8803131323362399 0.16641669744048815 0.01658713697219838 0.11663262652973705 -0.24853308151710607 
52964.0 -0.12218401551957636 -0.9850184809560099 -0.4982336010031101 -0.24967018091833926 0.20919202612841414 -0.27588509082480606 
416.0 -0.12218401551957636 -0.4123502611228598 0.45509159741400285 0.021039181243303062 0.3114046846859595 -0.3076859711600983 
11928.0 0.39047957619592877 -0.9850184809560099 -0.021321501221750916 0.021039181243303062 -0.22975940428449992 -0.15068801231963946 
0.0 0.2349971705720988 0.7237810296288569 -0.9560456839625835 0.021039181243303062 -0.22975940428449992 -0.40739961189505736 
6496.0 -0.08231175384434164 -0.4123502611228598 -0.768840436023889 -0.0018260080674725732 0.20919202612841414 -0.40739961189505736 
1300.0 -0.11976958854523212 -0.9714673468470465 -0.4982336010031101 -0.3855004322608506 0.15617222656700314 -0.8791413674454225 
14032.0 -0.08231175384434164 -0.9850184809560099 -0.9980265213071693 0.9112496852187801 0.11663262652973705 -0.08283346161728566 
2080.0 0.13292808385177146 -0.8803131323362399 -0.6147345383724541 0.6466560541736135 0.7716990310323337 -0.5861362190638439 
2884.0 -0.12218401551957636 -0.9850184809560099 -0.9980265213071693 0.7903031169363124 -0.9617049316139288 -0.36715299677238833 
5932.0 0.13292808385177146 -0.8803131323362399 -0.021321501221750916 0.03698354905530077 0.15617222656700314 -0.24853308151710607 
16100.0 -0.12218401551957636 -0.9850184809560099 -0.3658249899364028 0.7903031169363124 0.15617222656700314 -0.27588509082480606 
1716.0 -0.12218401551957636 -0.711511273321296 -0.6147345383724541 0.49432817784468996 0.7716990310323337 -0.36715299677238833 
6168.0 -0.8277690735109555 -0.9850184809560099 -0.9980265213071693 -0.3289927511495432 0.20919202612841414 -0.40739961189505736 
7864.0 0.5832892316606773 -0.9850184809560099 -0.9980265213071693 0.7150095862464345 0.20919202612841414 -0.40739961189505736 
960.0 0.995753709225764 -0.3367278595311456 -0.8574371844227475 -0.537296574271398 0.11663262652973705 -0.20369484144842476 
2868.0 -0.08231175384434164 -0.9850184809560099 -0.9980265213071693 -0.8581521253135374 0.9616140032762202 -0.27588509082480606 
8.0 -0.12218401551957636 -0.3367278595311456 -0.6749162637780823 0.01658713697219838 0.20919202612841414 0.6020889914557757 
832.0 0.7341083323469824 -0.9714673468470465 -0.4352183009661863 -0.537296574271398 0.3114046846859595 -0.015633197118106512 
0.0 -0.6694715887646987 0.29313330659238 -0.021321501221750916 0.6466560541736135 0.7716990310323337 -0.24853308151710607 
6184.0 -0.7762060901858705 -0.3302400327414705 -0.4393946928147663 0.021039181243303062 0.8360680006314483 -0.15068801231963946 
19288.0 0.020108493504148228 -0.9850184809560099 -0.9980265213071693 -0.3289927511495432 0.20919202612841414 -0.36715299677238833 
2016.0 -0.12218401551957636 -0.711511273321296 -0.4296943878346591 0.24354912725536537 -0.3784008110150119 -0.40739961189505736 
552.0 0.9849387947687325 -0.7483863493686538 -0.9980265213071693 -0.5717172399075432 0.7716990310323337 -0.24853308151710607 
27436.0 -0.43175546591508485 0.00513956998232068 -0.9980265213071693 0.021039181243303062 0.20919202612841414 -0.08283346161728566 
19328.0 -0.12218401551957636 -0.9850184809560099 -0.5468176538622329 0.7150095862464345 0.24430173799281185 -0.12549688422397431 
3976.0 -0.3116998974435856 -0.8553368156008259 -0.021321501221750916 0.41911012468629805 -0.22975940428449992 -0.15068801231963946 
2492.0 0.07721133251739754 -0.9335916536705278 -0.8510378839179378 0.7405316067862495 0.7714963823937075 -0.3076859711600983 
14608.0 -0.12218401551957636 -0.9850184809560099 -0.9980265213071693 0.7903031169363124 0.5630627483658499 -0.40739961189505736 
11804.0 -0.9034152306835486 -0.9850184809560099 -0.9980265213071693 0.021039181243303062 0.20919202612841414 -0.12549688422397431 
3648.0 -0.08231175384434164 -0.5539079334536867 -0.9980265213071693 0.669616672728077 0.5334967991618245 -0.40739961189505736 
51756.0 -0.12218401551957636 -0.9850184809560099 -0.9980265213071693 0.44952160560899945 0.20919202612841414 -0.40739961189505736 
1288.0 0.18227518645475027 -0.8867325897425451 -0.6147345383724541 0.14561181758028674 0.7716990310323337 -0.24853308151710607 
3744.0 0.2349971705720988 -0.8553368156008259 -0.021321501221750916 0.021039181243303062 -0.22975940428449992 -0.40739961189505736 
11508.0 -0.6117941325422791 -0.711511273321296 -0.6147345383724541 -0.3289927511495432 0.21335860141251528 -0.24853308151710607 
38556.0 -0.4313268517240241 -0.4123502611228598 -0.768840436023889 0.32603829344243707 0.3114046846859595 -0.1791328916147512 
3988.0 -0.12218401551957636 -0.9850184809560099 -0.6338785047954711 0.01658713697219838 -0.45171237102820405 -0.40739961189505736 
8148.0 -0.8672874878801331 -0.6708394916783809 -0.021321501221750916 0.03698354905530077 0.7714963823937075 -0.19684900137051375 
16.0 0.020108493504148228 0.2985382198331934 -0.9980265213071693 0.6466560541736135 -0.2919074657928904 -0.24853308151710607 
10600.0 -0.5134782135730873 -0.9850184809560099 -0.28163971914389396 -0.5836097820640915 0.4861899946404724 -0.12549688422397431 
2260.0 -0.7762060901858705 0.00513956998232068 -0.9980265213071693 0.01658713697219838 -0.23613485688596336 -0.20369484144842476 
20836.0 0.020108493504148228 -0.9850184809560099 -0.9560456839625835 0.021039181243303062 0.20919202612841414 -0.40739961189505736 
34520.0 -0.12218401551957636 -0.06490825615999474 -0.6147345383724541 0.021039181243303062 0.15617222656700314 -0.08283346161728566 
6144.0 -0.5385863699986342 -0.4123502611228598 -0.8574371844227475 0.03698354905530077 -0.22975940428449992 -0.10984458002859965 
0.0 -0.7762060901858705 0.563119025590656 -0.49271640999275235 0.021039181243303062 0.20919202612841414 -0.27588509082480606 
19616.0 -0.6587904245489093 -0.8867325897425451 -0.6147345383724541 0.49432817784468996 0.24592308160049003 -0.24853308151710607 
4656.0 -0.27794426659154925 -0.5539079334536867 -0.7011498936553151 -0.5717172399075432 0.10642797946424443 -0.08283346161728566 
4508.0 0.2349971705720988 -0.8553368156008259 0.46390711419060504 -0.537296574271398 -0.22975940428449992 -0.10984458002859965 
24984.0 -0.12218401551957636 -0.9850184809560099 -0.9980265213071693 0.7903031169363124 -0.13546791471613084 -0.36715299677238833 
7080.0 -0.3546093372858954 -0.8293262767890814 -0.8574371844227475 -0.3289927511495432 0.7714963823937075 -0.3076859711600983 
0.0 0.36623978674659474 -0.9684846594440448 -0.6291226078283896 -0.3289927511495432 0.7716990310323337 0.23650370921446018 
0.0 0.36623978674659474 -0.8293262767890814 -0.9980265213071693 0.021039181243303062 0.20919202612841414 0.998470939072319 
12052.0 0.07721133251739754 -0.8553368156008259 -0.8510378839179378 0.03698354905530077 -0.22975940428449992 -0.15068801231963946 
13104.0 -0.8672874878801331 -0.6708394916783809 -0.768840436023889 -0.7321328774986731 0.7714963823937075 -0.3479363769919146 
1136.0 0.36623978674659474 -0.9850184809560099 -0.9980265213071693 0.14561181758028674 0.9169902791204811 -0.12549688422397431 
1692.0 0.2349971705720988 -0.8803131323362399 -0.021321501221750916 0.03698354905530077 -0.22975940428449992 -0.5710033603240521 
15792.0 -0.12218401551957636 -0.9850184809560099 -0.5869265047355372 0.7903031169363124 0.20919202612841414 -0.12549688422397431 
1024.0 -0.43175546591508485 0.13751412396423235 -0.9980265213071693 0.7150095862464345 0.20919202612841414 -0.27946620396500843 
7908.0 -0.7997277631219211 -0.4123502611228598 -0.8574371844227475 -0.7321328774986731 0.7714963823937075 -0.38018515076542725 
13932.0 0.2292741016469646 -0.9850184809560099 -0.9980265213071693 -0.3289927511495432 0.20919202612841414 -0.36715299677238833 
1212.0 0.07721133251739754 -0.9684846594440448 0.7949912819714275 0.24354912725536537 0.033672022651782374 -0.36715299677238833 
3120.0 0.18075295681324355 -0.9850184809560099 -0.7011498936553151 0.9953790002482814 0.20919202612841414 -0.12549688422397431 
1980.0 -0.5385863699986342 -0.3367278595311456 -0.6749162637780823 -0.537296574271398 0.4305162339074484 -0.5998583106981432 
2760.0 -0.08231175384434164 -0.9850184809560099 -0.15706734432594915 0.44952160560899945 0.7716990310323337 -0.40739961189505736 
9400.0 -0.12218401551957636 -0.9850184809560099 -0.5061128079363595 -0.6711422806309189 -0.13546791471613084 -0.40739961189505736 
9380.0 -0.6694715887646987 -0.9684846594440448 -0.9980265213071693 -0.3289927511495432 0.8074856405916797 -0.24853308151710607 
192.0 0.13292808385177146 -0.06490825615999474 0.02987264013374702 -0.21122147464454555 0.11663262652973705 -0.08283346161728566 
2468.0 -0.3116998974435856 -0.3367278595311456 -0.6749162637780823 0.021039181243303062 0.11663262652973705 -0.40739961189505736 
9252.0 -0.12218401551957636 -0.9850184809560099 -0.6147345383724541 0.021039181243303062 0.5205151444358549 -0.24853308151710607 
2492.0 -0.8672874878801331 -0.9850184809560099 0.37169828632019253 -0.7321328774986731 0.7714963823937075 -0.40739961189505736 
0.0 0.10886537293021381 0.00513956998232068 -0.06952413011878678 0.11698248077049156 0.0658266773636278 -0.03992410338659913 
3992.0 -0.9955754198231401 -0.7230251554241867 -0.7713150465024836 -0.8581521253135374 -0.13546791471613084 -0.36715299677238833 
13688.0 0.36623978674659474 -0.8293262767890814 -0.327095527171094 0.6466560541736135 -0.2919074657928904 -0.2713299130458995 
2668.0 -0.3116998974435856 0.00513956998232068 -0.9980265213071693 0.24238752173099942 0.20919202612841414 -0.40739961189505736 
5556.0 -0.6587904245489093 -0.6497504727447114 -0.6147345383724541 0.021039181243303062 0.20919202612841414 -0.40739961189505736 
0.0 0.07721133251739754 -0.9335916536705278 -0.9980265213071693 0.021039181243303062 0.033672022651782374 0.11834693569118548 
36092.0 0.36623978674659474 -0.8293262767890814 -0.6291226078283896 0.5528948727436331 -0.2919074657928904 -0.1737375332629365 
17408.0 -0.7762060901858705 -0.8553368156008259 -0.6848769391153915 0.03698354905530077 0.20919202612841414 -0.15068801231963946 
0.0 0.36623978674659474 -0.4123502611228598 -0.768840436023889 0.5528948727436331 0.3114046846859595 0.15916444299542998 
7936.0 -0.12218401551957636 -0.8803131323362399 -0.9980265213071693 -0.24967018091833926 0.578692560061471 -0.27588509082480606 
8548.0 -0.12218401551957636 -0.5539079334536867 -0.6147345383724541 -0.2076813939496005 0.20919202612841414 -0.40739961189505736 
1284.0 0.36623978674659474 -0.5539079334536867 -0.6291226078283896 0.669616672728077 -0.9222304733491904 -0.2713299130458995 
12348.0 0.15438921348548051 -0.9850184809560099 -0.7011498936553151 0.44952160560899945 0.0658266773636278 -0.40739961189505736 
0.0 -0.12218401551957636 -0.8867325897425451 -0.6147345383724541 0.021039181243303062 0.7716990310323337 0.09541642344051171 
7316.0 0.07721133251739754 -0.8293262767890814 -0.3693556379041145 0.24354912725536537 -0.2919074657928904 -0.2713299130458995 
23000.0 0.23039840702101078 -0.9850184809560099 -0.9005000261875944 0.021039181243303062 0.033672022651782374 -0.40739961189505736 
10756.0 -0.2561604101624473 -0.9850184809560099 -0.9560456839625835 0.021039181243303062 -0.13546791471613084 -0.36715299677238833 
0.0 -0.08231175384434164 0.00513956998232068 -0.05668529929555133 0.021039181243303062 0.20919202612841414 -0.08283346161728566 
992.0 -0.6587904245489093 -0.8867325897425451 0.8168828055106803 0.01658713697219838 0.11663262652973705 -0.20369484144842476 
1652.0 0.26402333317484983 -0.8803131323362399 -0.4982336010031101 -0.24967018091833926 0.0658266773636278 -0.08283346161728566 
2916.0 0.7107712897251117 -0.8553368156008259 -0.021321501221750916 0.03698354905530077 -0.22975940428449992 -0.24853308151710607 
0.0 0.36623978674659474 0.3246807869414048 -0.9560456839625835 -0.3289927511495432 0.2536010034719134 -0.2713299130458995 
0.0 0.020108493504148228 -0.2122275927172541 -0.9980265213071693 0.7150095862464345 0.20919202612841414 0.33061492354275823 
3288.0 -0.4313268517240241 -0.9850184809560099 -0.768840436023889 0.7903031169363124 -0.59352144794745 -0.36715299677238833 
0.0 -0.7762060901858705 0.7759273163940836 -0.9980265213071693 0.021039181243303062 0.20919202612841414 -0.40739961189505736 
3060.0 0.8872169056239236 -0.9850184809560099 -0.9980265213071693 0.021039181243303062 0.033672022651782374 -0.40739961189505736 
22300.0 -0.43175546591508485 -0.9850184809560099 -0.9980265213071693 0.7150095862464345 0.20919202612841414 -0.27946620396500843 
5640.0 -0.12218401551957636 -0.5542477912616499 -0.4982336010031101 -0.24967018091833926 -0.24471728644048563 -0.27588509082480606 
26760.0 0.36623978674659474 -0.9850184809560099 -0.6291226078283896 -0.3289927511495432 -0.20807657854816242 -0.2713299130458995 
2148.0 -0.12218401551957636 -0.9850184809560099 -0.9560456839625835 0.7903031169363124 0.9320801178193963 -0.29899059741873746 
4932.0 -0.8819317950009 -0.5539079334536867 -0.6147345383724541 0.6466560541736135 -0.2823156820178254 -0.24853308151710607 
2780.0 -0.12218401551957636 -0.9684846594440448 -0.6147345383724541 0.021039181243303062 0.7716990310323337 -0.24853308151710607 
768.0 0.2349971705720988 -0.8867325897425451 -0.021321501221750916 -0.49225171905228504 0.7716990310323337 -0.24853308151710607 
5664.0 -0.16223265416396337 -0.9850184809560099 -0.9980265213071693 0.8894822876785806 0.20919202612841414 -0.6936965769149719 
7748.0 -0.16223265416396337 -0.711511273321296 -0.4982336010031101 0.8894822876785806 0.47156455382625784 -0.27588509082480606 
8340.0 -0.16223265416396337 -0.8553368156008259 -0.09793190934631935 0.8894822876785806 0.15617222656700314 -0.29899059741873746 
0.0 -0.12218401551957636 0.9666402995839507 -0.6291226078283896 -0.3289927511495432 0.15617222656700314 -0.27588509082480606 
20260.0 0.36623978674659474 -0.9850184809560099 -0.9980265213071693 -0.3289927511495432 -0.2919074657928904 -0.2713299130458995 
2332.0 0.36623978674659474 -0.5539079334536867 -0.6147345383724541 -0.6158489077074458 0.20919202612841414 -0.24853308151710607 
14168.0 -0.6117941325422791 -0.8803131323362399 -0.6147345383724541 -0.5827795159923512 0.15617222656700314 -0.24853308151710607 
42272.0 -0.08231175384434164 -0.9850184809560099 -0.9980265213071693 -0.33763557502345276 0.20919202612841414 -0.40739961189505736 
7136.0 -0.6587904245489093 -0.8867325897425451 -0.9980265213071693 -0.3289927511495432 0.7716990310323337 -0.32028665458149486 
2016.0 0.36623978674659474 -0.8293262767890814 -0.6291226078283896 0.24354912725536537 0.5432232401805934 -0.2713299130458995 
2128.0 0.13292808385177146 -0.8803131323362399 -0.49271640999275235 0.669616672728077 0.8115879264135646 -0.24853308151710607 
12404.0 0.020108493504148228 -0.9850184809560099 -0.8574371844227475 0.044192349742131265 0.20919202612841414 -0.40739961189505736 
7604.0 -0.9955754198231401 -0.9684846594440448 -0.8574371844227475 0.6466560541736135 0.8360680006314483 -0.15068801231963946 
2156.0 0.16452127660244487 -0.711511273321296 -0.06952413011878678 -0.21122147464454555 0.15617222656700314 -0.03992410338659913 
24640.0 -0.19869662766462404 -0.9850184809560099 -0.021321501221750916 0.03698354905530077 0.2536010034719134 -0.15068801231963946 
2796.0 -0.4313268517240241 -0.6708394916783809 -0.768840436023889 0.5528948727436331 0.7714963823937075 -0.8173284822307425 
1132.0 0.4632422253613855 -0.9684846594440448 -0.6147345383724541 0.01658713697219838 0.7716990310323337 -0.20369484144842476 
3032.0 -0.5873653448888838 -0.3367278595311456 -0.6749162637780823 0.01658713697219838 0.20919202612841414 -0.36715299677238833 
12288.0 -0.3116998974435856 -0.7483863493686538 -0.7011498936553151 -0.7956790669903879 0.2536010034719134 -0.40739961189505736 
1028.0 0.020108493504148228 -0.3367278595311456 -0.9980265213071693 -0.3289927511495432 0.20919202612841414 -0.9246336639717359 
3400.0 0.6422507857094388 -0.9850184809560099 -0.8574371844227475 -0.537296574271398 0.4305162339074484 -0.40739961189505736 
1508.0 -0.43175546591508485 -0.8232071401854666 -0.021321501221750916 0.03698354905530077 0.20919202612841414 -0.8106320070089601 
0.0 0.2349971705720988 -0.8553368156008259 -0.021321501221750916 0.6466560541736135 -0.22975940428449992 0.7444285230470775 
29848.0 -0.12218401551957636 -0.8803131323362399 -0.4982336010031101 0.021039181243303062 0.15617222656700314 -0.27588509082480606 
1296.0 -0.6587904245489093 0.00513956998232068 -0.6147345383724541 0.8564501081283236 0.7716990310323337 -0.24853308151710607 
4460.0 0.2349971705720988 -0.8553368156008259 -0.021321501221750916 0.03698354905530077 -0.2736801001339766 -0.2713299130458995 
312.0 0.2349971705720988 -0.09746413876911575 -0.021321501221750916 0.021039181243303062 0.2536010034719134 -0.40739961189505736 
3988.0 0.48608442003789865 -0.9850184809560099 -0.6749162637780823 0.01658713697219838 0.11663262652973705 -0.12549688422397431 
1656.0 0.9503234474390996 -0.8293262767890814 -0.6291226078283896 -0.3289927511495432 0.2536010034719134 -0.2713299130458995 
17376.0 -0.12218401551957636 -0.601105457885496 -0.9560456839625835 0.021039181243303062 0.11663262652973705 -0.20369484144842476 
5460.0 0.36981199792775143 -0.8553368156008259 -0.021321501221750916 0.24354912725536537 0.033672022651782374 -0.1791328916147512 
18532.0 -0.12218401551957636 -0.8553368156008259 -0.9980265213071693 -0.6236920646848325 0.20919202612841414 -0.36715299677238833 
296.0 -0.43175546591508485 -0.8232071401854666 -0.4296943878346591 0.7150095862464345 0.033672022651782374 0.03715551336265044 
4836.0 -0.12218401551957636 -0.9850184809560099 -0.6291226078283896 0.021039181243303062 -0.2919074657928904 -0.13587421588040605 
0.0 0.13292808385177146 0.7500884071816163 -0.49271640999275235 -0.8581521253135374 0.3114046846859595 -0.015633197118106512 
23204.0 -0.3116998974435856 -0.6708394916783809 -0.9560456839625835 0.8564501081283236 0.0658266773636278 -0.19709363115482703 
2500.0 -0.5286043389239417 -0.16202793709777175 -0.9005000261875944 0.021039181243303062 0.033672022651782374 -0.40739961189505736 
0.0 0.07721133251739754 0.28954962315336985 -0.4296943878346591 0.7150095862464345 0.033672022651782374 -0.12549688422397431 
1736.0 0.16049319809176454 -0.9850184809560099 -0.6291226078283896 0.6837344135869399 0.7716990310323337 -0.24853308151710607 
3368.0 -0.12218401551957636 -0.9714673468470465 -0.9005000261875944 0.021039181243303062 -0.41053743299469114 -0.04787250658538511 
5888.0 -0.6117941325422791 -0.9850184809560099 0.28312902426699504 0.49432817784468996 0.20919202612841414 -0.24853308151710607 
2124.0 0.18075295681324355 -0.8877179324122122 -0.6147345383724541 -0.3855004322608506 0.7716990310323337 -0.1791328916147512 
18592.0 -0.6694715887646987 -0.9335916536705278 -0.6147345383724541 -0.7233286787682554 0.7716990310323337 -0.24853308151710607 
9968.0 -0.10653931101981251 -0.8558338580742002 -0.327095527171094 -0.8581521253135374 -0.22975940428449992 -0.08283346161728566 
5700.0 -0.2464594833050029 -0.8553368156008259 -0.021321501221750916 0.01658713697219838 -0.22975940428449992 -0.15068801231963946 
22404.0 0.07721133251739754 -0.9335916536705278 -0.9980265213071693 0.14561181758028674 0.033672022651782374 -0.1791328916147512 
1600.0 0.13292808385177146 -0.711511273321296 0.3675225699033069 -0.8581521253135374 0.15617222656700314 -0.24853308151710607 
5136.0 -0.08231175384434164 -0.9850184809560099 -0.9980265213071693 0.7903031169363124 0.20919202612841414 -0.8820009051421371 
3872.0 -0.5572829877300596 -0.9850184809560099 -0.4982336010031101 -0.6711422806309189 -0.13546791471613084 -0.27588509082480606 
248.0 -0.3116998974435856 0.00513956998232068 -0.9980265213071693 -0.6711422806309189 -0.13546791471613084 -0.891436328736126 
32928.0 -0.3512336386858208 -0.9850184809560099 -0.9980265213071693 -0.8919945737350612 0.2536010034719134 -0.31472649969885436 
3744.0 -0.12218401551957636 0.010701940079239192 -0.6147345383724541 0.14561181758028674 0.20919202612841414 -0.12549688422397431 
12148.0 0.13292808385177146 -0.8803131323362399 -0.9980265213071693 0.36272025649835293 0.10518695555395907 -0.27588509082480606 
10140.0 -0.8453774016174656 -0.8867325897425451 -0.5468176538622329 0.7150095862464345 0.24430173799281185 -0.24853308151710607 
12676.0 -0.12218401551957636 -0.9850184809560099 -0.9980265213071693 0.021039181243303062 0.20919202612841414 -0.40739961189505736 
0.0 0.36623978674659474 0.9685616876305563 -0.6291226078283896 -0.3289927511495432 0.3114046846859595 -0.015633197118106512 
11704.0 -0.6117941325422791 -0.711511273321296 -0.8282834518295128 0.49432817784468996 0.7716990310323337 -0.40739961189505736 
5800.0 0.13292808385177146 -0.4123502611228598 -0.768840436023889 -0.23640580607448802 0.15617222656700314 -0.3076859711600983 
5128.0 -0.45780406939957174 -0.9850184809560099 -0.9980265213071693 -0.5836097820640915 0.20919202612841414 -0.12549688422397431 
556.0 0.1544713199634351 -0.3367278595311456 -0.6147345383724541 0.01658713697219838 0.7716990310323337 -0.24853308151710607 
8052.0 -0.6117941325422791 -0.9850184809560099 -0.6147345383724541 -0.793692956207573 0.20919202612841414 -0.40739961189505736 
8780.0 0.10157793747943389 -0.7483863493686538 -0.6147345383724541 -0.5717172399075432 0.2536010034719134 -0.40739961189505736 
15700.0 -0.12218401551957636 -0.9850184809560099 0.11656975771944822 0.021039181243303062 0.24430173799281185 -0.12549688422397431 
4444.0 0.4073173193978554 -0.9850184809560099 -0.4982336010031101 -0.4799718884139432 0.15617222656700314 -0.40739961189505736 
7564.0 -0.3116998974435856 -0.8293262767890814 -0.6749162637780823 -0.3289927511495432 -0.38356717791497363 -0.2713299130458995 
12272.0 0.13292808385177146 -0.7772272617065161 -0.9560456839625835 0.021039181243303062 0.2536010034719134 -0.40739961189505736 
0.0 -0.7762060901858705 -0.9850184809560099 -0.9980265213071693 0.021039181243303062 0.20919202612841414 0.46868729551897825 
6232.0 -0.5286043389239417 -0.8803131323362399 -0.6147345383724541 -0.4799718884139432 0.7121020768129633 -0.12549688422397431 
10532.0 -0.3116998974435856 0.00513956998232068 -0.8574371844227475 0.8564501081283236 0.3114046846859595 -0.08283346161728566 
0.0 -0.12218401551957636 -0.9850184809560099 -0.9980265213071693 0.6466560541736135 0.7716990310323337 0.7653755914702407 
0.0 0.16049319809176454 0.31583991835615155 -0.9980265213071693 0.44952160560899945 0.20919202612841414 -0.40739961189505736 
16612.0 -0.08231175384434164 -0.5539079334536867 -0.6147345383724541 0.669616672728077 0.20919202612841414 -0.24853308151710607 
2444.0 -0.12218401551957636 -0.4123502611228598 -0.09620157985476285 0.5528948727436331 0.033672022651782374 -0.40739961189505736 
11116.0 -0.11976958854523212 -0.9714673468470465 -0.4982336010031101 0.03698354905530077 -0.965460791647597 -0.04787250658538511 
0.0 0.2349971705720988 0.88626421358336 -0.9560456839625835 0.021039181243303062 0.2536010034719134 -0.40739961189505736 
0.0 -0.4313268517240241 0.98936835617023 -0.9980265213071693 0.14561181758028674 0.20919202612841414 -0.3076859711600983 
2904.0 -0.11976958854523212 -0.8553368156008259 -0.021321501221750916 -0.4799718884139432 -0.7575425200370101 -0.04787250658538511 
0.0 0.36623978674659474 0.3263876205824998 -0.6147345383724541 -0.537296574271398 0.7716990310323337 -0.10984458002859965 
35576.0 -0.08231175384434164 -0.9850184809560099 -0.9980265213071693 -0.383005059543823 0.20919202612841414 -0.40739961189505736 
13792.0 -0.6117941325422791 -0.9850184809560099 -0.9980265213071693 0.49432817784468996 0.7716990310323337 -0.24853308151710607 
15680.0 -0.6117941325422791 -0.8803131323362399 -0.46820659717728663 -0.3673650923725498 0.7716990310323337 -0.24853308151710607 
15016.0 -0.3116998974435856 -0.7718203336457083 -0.7011498936553151 -0.2749314505780678 0.10642797946424443 -0.3076859711600983 
8084.0 0.2349971705720988 -0.8553368156008259 -0.25446836674927154 -0.21122147464454555 -0.22975940428449992 -0.24853308151710607 
756.0 -0.4313268517240241 -0.4123502611228598 0.2166765206938137 -0.3289927511495432 0.3114046846859595 -0.3076859711600983 
21664.0 0.13292808385177146 -0.8803131323362399 -0.49271640999275235 0.5528948727436331 0.15617222656700314 -0.3076859711600983 
556.0 0.8363508758987366 -0.6708394916783809 -0.9560456839625835 -0.6711422806309189 0.7714963823937075 -0.36715299677238833 
4544.0 -0.6117941325422791 -0.9850184809560099 -0.9980265213071693 0.14561181758028674 0.7716990310323337 -0.12549688422397431 
29628.0 -0.3512336386858208 -0.9850184809560099 -0.768840436023889 -0.8919945737350612 0.20919202612841414 -0.3076859711600983 
0.0 -0.08231175384434164 -0.9850184809560099 -0.9980265213071693 -0.6711422806309189 -0.13546791471613084 0.357542014280932 
4328.0 -0.43175546591508485 -0.2122275927172541 -0.6749162637780823 0.7150095862464345 -0.35835217992032886 -0.12549688422397431 
7584.0 0.07721133251739754 -0.9850184809560099 -0.40330667002910126 0.7405316067862495 0.2536010034719134 -0.40739961189505736 
12268.0 -0.12218401551957636 -0.9850184809560099 -0.9980265213071693 0.5809626668680792 0.20919202612841414 -0.40739961189505736 
4460.0 -0.9525661742465341 -0.719909279469165 -0.15706734432594915 0.021039181243303062 0.7716990310323337 -0.40739961189505736 
6188.0 -0.5385863699986342 -0.4123502611228598 -0.9980265213071693 0.06245912207095761 0.4305162339074484 -0.10984458002859965 
3904.0 0.36623978674659474 -0.8293262767890814 -0.6147345383724541 -0.3289927511495432 -0.2919074657928904 -0.4991198187479744 
1236.0 -0.12218401551957636 -0.9850184809560099 0.8837023443706922 -0.6711422806309189 0.20919202612841414 -0.36715299677238833 
36456.0 0.07721133251739754 -0.9335916536705278 -0.768840436023889 0.6974045575865089 0.033672022651782374 -0.3076859711600983 
12648.0 -0.4557050747067217 -0.4123502611228598 -0.8574371844227475 -0.5836097820640915 0.3114046846859595 -0.3076859711600983 
2704.0 0.16049319809176454 -0.9850184809560099 -0.6147345383724541 -0.38705929084885904 0.7716990310323337 -0.40739961189505736 
14532.0 0.36623978674659474 -0.8293262767890814 -0.6291226078283896 0.03698354905530077 -0.2919074657928904 -0.15068801231963946 
6616.0 -0.5385863699986342 -0.9850184809560099 -0.8574371844227475 0.11930765839235669 -0.13546791471613084 -0.36715299677238833 
15216.0 -0.5584060996551361 -0.711511273321296 -0.6147345383724541 0.7150095862464345 0.7716990310323337 -0.24853308151710607 
13860.0 -0.6117941325422791 -0.7483863493686538 -0.6291226078283896 -0.5717172399075432 0.5140395651104146 -0.24853308151710607 
1612.0 0.3161129205803861 -0.8553368156008259 -0.021321501221750916 0.03698354905530077 0.2536010034719134 -0.15068801231963946 
0.0 0.13292808385177146 0.7781960551133684 -0.6749162637780823 0.01658713697219838 0.15617222656700314 -0.24853308151710607 
16828.0 -0.5385863699986342 -0.9850184809560099 -0.9980265213071693 -0.537296574271398 0.4305162339074484 -0.10984458002859965 
3236.0 0.48503741449138693 -0.4123502611228598 -0.8574371844227475 0.44952160560899945 0.20919202612841414 -0.40739961189505736 
4436.0 0.07721133251739754 -0.9850184809560099 -0.8510378839179378 0.7405316067862495 0.29492694379326934 -0.12549688422397431 
20552.0 -0.5286043389239417 -0.9002876787865735 -0.46820659717728663 0.03698354905530077 0.32209660445010346 -0.15068801231963946 
876.0 0.36623978674659474 -0.6708394916783809 -0.9560456839625835 -0.7321328774986731 0.7675223629930314 -0.2713299130458995 
7976.0 -0.6117941325422791 -0.8293262767890814 -0.6291226078283896 0.030649829981630905 -0.2919074657928904 -0.2713299130458995 
4296.0 0.36623978674659474 -0.9850184809560099 -0.6291226078283896 -0.6158489077074458 0.20919202612841414 -0.2713299130458995 
12432.0 -0.43175546591508485 -0.746430510217776 -0.9980265213071693 0.7150095862464345 0.24430173799281185 -0.12549688422397431 
3928.0 -0.3116998974435856 -0.4830069929781844 -0.8574371844227475 -0.537296574271398 0.4305162339074484 -0.08283346161728566 
7148.0 -0.24069584781271325 -0.6708394916783809 -0.8574371844227475 -0.5836097820640915 0.4305162339074484 -0.10984458002859965 
5044.0 -0.9955754198231401 -0.3302400327414705 -0.8574371844227475 0.03698354905530077 0.8360680006314483 -0.45574384099838916 
4452.0 0.6368852289492262 -0.9850184809560099 -0.6749162637780823 0.01658713697219838 0.11663262652973705 -0.40739961189505736 
1796.0 -0.3116998974435856 -0.3367278595311456 -0.6749162637780823 0.7903031169363124 -0.6673419937913361 -0.36715299677238833 
14964.0 -0.10653931101981251 -0.4123502611228598 -0.768840436023889 0.5528948727436331 0.11663262652973705 -0.3076859711600983 
8724.0 0.19271743108453476 -0.8803131323362399 -0.9980265213071693 -0.4799718884139432 0.32209660445010346 -0.36715299677238833 
13228.0 -0.3116998974435856 -0.7483863493686538 -0.15224358277788963 0.5528948727436331 0.3114046846859595 -0.08283346161728566 
16928.0 -0.12218401551957636 -0.9850184809560099 -0.8574371844227475 -0.6711422806309189 0.4305162339074484 -0.36715299677238833 
5220.0 -0.12218401551957636 -0.9684846594440448 -0.6147345383724541 0.1002268537424289 0.7716990310323337 -0.24853308151710607 
3892.0 -0.8159456855604859 -0.4123502611228598 -0.768840436023889 0.021039181243303062 0.20919202612841414 -0.3076859711600983 
65100.0 -0.08231175384434164 -0.9850184809560099 -0.768840436023889 0.5528948727436331 0.13696997654795995 -0.3076859711600983 
1828.0 0.10886537293021381 -0.711511273321296 -0.06952413011878678 -0.3289927511495432 -0.12459599302360469 -0.40739961189505736 
4472.0 0.18075295681324355 -0.8293262767890814 -0.6291226078283896 0.24354912725536537 -0.24471728644048563 -0.39312801305167766 
924.0 -0.12218401551957636 0.04378886957144834 -0.768840436023889 0.5528948727436331 0.20919202612841414 -0.36715299677238833 
8016.0 -0.4313268517240241 -0.4123502611228598 -0.6291226078283896 0.5528948727436331 0.20919202612841414 -0.3076859711600983 
148.0 -0.12218401551957636 -0.9850184809560099 -0.6291226078283896 -0.3289927511495432 -0.2919074657928904 0.16734635391525843 
24.0 -0.6694715887646987 0.010858706519760508 -0.6147345383724541 -0.537296574271398 0.7716990310323337 -0.10984458002859965 
13072.0 -0.3763654052606209 -0.3367278595311456 -0.7011498936553151 0.24354912725536537 0.033672022651782374 -0.20369484144842476 
24648.0 -0.08231175384434164 -0.7609384986157535 -0.8574371844227475 -0.8919945737350612 0.20919202612841414 -0.3076859711600983 
6420.0 0.36623978674659474 -0.9850184809560099 -0.9980265213071693 0.8253367846647557 0.20919202612841414 -0.24853308151710607 
20428.0 -0.43175546591508485 -0.7483863493686538 -0.7011498936553151 -0.5717172399075432 0.10642797946424443 -0.27946620396500843 
4412.0 0.2349971705720988 -0.9850184809560099 -0.021321501221750916 0.03698354905530077 0.20919202612841414 -0.15068801231963946 
12732.0 -0.8672874878801331 -0.9850184809560099 -0.14472864716719736 -0.3289927511495432 0.7714963823937075 -0.3076859711600983 
5264.0 -0.08231175384434164 -0.8867325897425451 -0.9980265213071693 0.3750935772818369 0.7716990310323337 -0.40739961189505736 
2400.0 -0.12218401551957636 0.00513956998232068 -0.9980265213071693 0.021039181243303062 0.38159025031633753 -0.40739961189505736 
16164.0 -0.08231175384434164 -0.9850184809560099 -0.4982336010031101 0.24027383877563957 0.15617222656700314 -0.40739961189505736 
26736.0 0.2349971705720988 -0.8293262767890814 -0.6291226078283896 0.03698354905530077 -0.2919074657928904 -0.2713299130458995 
376.0 0.07721133251739754 -0.8293262767890814 0.8800346880922583 -0.3289927511495432 -0.2919074657928904 -0.2713299130458995 
0.0 -0.8672874878801331 -0.6708394916783809 -0.4296943878346591 0.24354912725536537 0.033672022651782374 0.582491662915793 
22664.0 -0.5385863699986342 -0.8293262767890814 -0.8574371844227475 -0.537296574271398 0.4305162339074484 -0.2713299130458995 
3640.0 0.7235149041027107 -0.9850184809560099 -0.9980265213071693 -0.8919945737350612 0.033672022651782374 -0.40739961189505736 
14328.0 -0.3116998974435856 0.00513956998232068 -0.9980265213071693 0.01658713697219838 0.25372094834491343 -0.11840080553193921 
4696.0 -0.6117941325422791 -0.29295784940269676 -0.6147345383724541 -0.3855004322608506 0.7716990310323337 -0.24853308151710607 
0.0 -0.9955754198231401 0.6677623200152376 -0.8574371844227475 -0.3855004322608506 0.8360680006314483 -0.15068801231963946 
8.0 0.13292808385177146 0.07824491765891484 -0.9560456839625835 -0.21122147464454555 0.7714963823937075 -0.38018515076542725 
0.0 0.36623978674659474 0.7303798087543423 -0.6147345383724541 0.669616672728077 0.7716990310323337 -0.24853308151710607 
10060.0 -0.9961695909258617 -0.9850184809560099 -0.768840436023889 0.03698354905530077 0.20919202612841414 -0.3076859711600983 
0.0 -0.12218401551957636 0.6563697550474348 -0.9980265213071693 0.021039181243303062 0.20919202612841414 -0.08283346161728566 
17736.0 -0.4313268517240241 -0.9850184809560099 -0.768840436023889 0.7903031169363124 0.07777881275414411 -0.3076859711600983 
26620.0 -0.12218401551957636 -0.9850184809560099 -0.768840436023889 0.021039181243303062 0.3114046846859595 -0.40739961189505736 
7580.0 0.020108493504148228 -0.9850184809560099 -0.34797018283472814 -0.21122147464454555 0.15617222656700314 -0.40739961189505736 
22180.0 -0.43175546591508485 -0.9850184809560099 -0.9980265213071693 0.2395470891194338 0.2536010034719134 -0.40739961189505736 
4768.0 0.020108493504148228 -0.1492585563958584 -0.768840436023889 -0.3289927511495432 0.20919202612841414 -0.3076859711600983 
10472.0 0.16613651578511623 -0.9850184809560099 -0.4982336010031101 0.021039181243303062 0.20919202612841414 -0.40739961189505736 
3388.0 0.13292808385177146 -0.3367278595311456 -0.6147345383724541 0.49353110025084135 0.11663262652973705 -0.24853308151710607 
20.0 -0.12218401551957636 -0.8553368156008259 -0.9980265213071693 0.021039181243303062 -0.22975940428449992 0.9042587109460309 
0.0 -0.12218401551957636 -0.9850184809560099 -0.9980265213071693 0.021039181243303062 0.20919202612841414 0.9197503678166525 
8924.0 -0.7349311220944763 -0.4123502611228598 -0.4982336010031101 0.5528948727436331 0.15617222656700314 -0.04787250658538511 
30700.0 -0.12218401551957636 -0.9850184809560099 -0.9980265213071693 -0.8919945737350612 0.20919202612841414 -0.40739961189505736 
9492.0 -0.12218401551957636 -0.8803131323362399 -0.9560456839625835 -0.24967018091833926 0.15617222656700314 -0.40739961189505736 
16312.0 -0.12218401551957636 -0.9850184809560099 -0.4982336010031101 0.6716221511056206 0.033672022651782374 -0.40739961189505736 
0.0 -0.7762060901858705 0.8911154256449629 -0.9980265213071693 0.021039181243303062 0.20919202612841414 -0.40739961189505736 
3692.0 -0.11976958854523212 -0.4318977657977361 -0.7011498936553151 -0.4799718884139432 -0.12459599302360469 -0.04787250658538511 
5484.0 -0.4313268517240241 -0.8867325897425451 -0.6147345383724541 -0.3855004322608506 -0.3865147153623947 -0.24853308151710607 
12976.0 -0.12218401551957636 -0.9850184809560099 -0.9560456839625835 0.021039181243303062 -0.3422912771300568 -0.20369484144842476 
5004.0 0.020108493504148228 -0.8553368156008259 -0.021321501221750916 -0.3289927511495432 0.20919202612841414 -0.40739961189505736 
15004.0 -0.31103400075434595 -0.9850184809560099 -0.9980265213071693 -0.8581521253135374 0.20919202612841414 -0.27588509082480606 
14392.0 -0.12218401551957636 -0.9850184809560099 -0.9980265213071693 -0.6208339229221818 0.20919202612841414 -0.08283346161728566 
2604.0 -0.12218401551957636 -0.24001506747355017 -0.6749162637780823 -0.6711422806309189 -0.13546791471613084 -0.36715299677238833 
5940.0 -0.12218401551957636 -0.7483863493686538 -0.9980265213071693 -0.5717172399075432 -0.7473200779574094 -0.08283346161728566 
4860.0 -0.12218401551957636 -0.9850184809560099 -0.9560456839625835 -0.6711422806309189 -0.6118970266468589 -0.36715299677238833 
24.0 0.020108493504148228 0.12204236469567853 -0.9980265213071693 -0.3289927511495432 0.11663262652973705 -0.40739961189505736 
39468.0 0.07721133251739754 -0.711511273321296 -0.6147345383724541 0.49432817784468996 0.033672022651782374 -0.1791328916147512 
15512.0 0.020108493504148228 -0.8803131323362399 -0.9980265213071693 -0.3289927511495432 0.15617222656700314 -0.40739961189505736 
352.0 0.36623978674659474 -0.8803131323362399 0.9088533607252292 -0.3289927511495432 -0.2919074657928904 -0.2713299130458995 
25396.0 0.010247958980369676 -0.8803131323362399 -0.4982336010031101 0.669616672728077 0.15617222656700314 -0.27588509082480606 
0.0 0.020108493504148228 -0.9850184809560099 -0.9980265213071693 -0.3289927511495432 0.3114046846859595 0.832033427250515 
13468.0 -0.12218401551957636 -0.9850184809560099 -0.9980265213071693 0.7903031169363124 0.04318396967199312 -0.12549688422397431 
18068.0 -0.12218401551957636 -0.9850184809560099 -0.9980265213071693 -0.6711422806309189 0.20919202612841414 -0.21399764353452433 
764.0 -0.5134782135730873 0.00513956998232068 -0.4818154029914876 -0.5836097820640915 0.20919202612841414 -0.08283346161728566 
0.0 -0.3116998974435856 -0.3367278595311456 -0.6749162637780823 -0.6711422806309189 -0.13546791471613084 0.31828943457408676 
16152.0 -0.6587904245489093 -0.8803131323362399 -0.6147345383724541 0.8894822876785806 0.15617222656700314 -0.27588509082480606 
1952.0 -0.10653931101981251 -0.7483863493686538 -0.327095527171094 0.01658713697219838 -0.7831032669655964 -0.24853308151710607 
664.0 -0.12218401551957636 -0.711511273321296 0.6799578456597279 0.7903031169363124 0.7716990310323337 -0.36715299677238833 
14508.0 -0.08231175384434164 -0.9684846594440448 -0.13024600114837726 -0.9086738324260666 0.20919202612841414 -0.08283346161728566 
22992.0 -0.12218401551957636 -0.9850184809560099 -0.9980265213071693 0.021039181243303062 0.2536010034719134 -0.40739961189505736 
12292.0 -0.12218401551957636 -0.9850184809560099 -0.9980265213071693 0.14561181758028674 -0.6281310876311421 -0.20369484144842476 
6504.0 0.020108493504148228 -0.8553368156008259 -0.9980265213071693 -0.3289927511495432 0.29094197436243996 -0.15068801231963946 
2860.0 -0.6117941325422791 -0.7483863493686538 -0.6147345383724541 -0.5717172399075432 0.033672022651782374 -0.40739961189505736 
15224.0 -0.08231175384434164 -0.8521571984153473 -0.9980265213071693 0.7903031169363124 0.20919202612841414 -0.36715299677238833 
16600.0 -0.12218401551957636 -0.8803131323362399 -0.4982336010031101 0.21103954054476182 0.20919202612841414 -0.27588509082480606 
15548.0 0.1389337274255975 -0.8803131323362399 -0.12866096010702632 -0.4799718884139432 0.10518695555395907 -0.24853308151710607 
3148.0 -0.12218401551957636 0.00513956998232068 -0.9560456839625835 0.021039181243303062 0.2536010034719134 -0.40739961189505736 
18672.0 -0.6587904245489093 -0.8867325897425451 -0.8705163373377534 -0.3855004322608506 0.7716990310323337 -0.36715299677238833 
3812.0 -0.6587904245489093 -0.2880166560815631 -0.6147345383724541 0.24354912725536537 0.03252958387314053 -0.1791328916147512 
2952.0 0.13292808385177146 -0.8803131323362399 0.07882842039848392 -0.24967018091833926 0.15617222656700314 -0.24853308151710607 
1416.0 -0.4313268517240241 0.00513956998232068 -0.768840436023889 0.021039181243303062 0.5231329271191703 -0.3076859711600983 
4452.0 -0.08231175384434164 -0.9850184809560099 -0.9560456839625835 0.44952160560899945 0.20919202612841414 -0.8032062350170612 
3292.0 -0.12218401551957636 -0.9850184809560099 -0.9980265213071693 -0.3289927511495432 0.9247985820552242 -0.40739961189505736 
18372.0 0.13292808385177146 -0.8803131323362399 -0.9980265213071693 0.44952160560899945 0.20919202612841414 -0.40739961189505736 
0.0 -0.7762060901858705 0.4381854708848758 -0.9560456839625835 0.021039181243303062 0.7714963823937075 -0.08283346161728566 
35928.0 -0.12218401551957636 -0.3367278595311456 -0.9560456839625835 0.18676564429657416 0.11663262652973705 -0.20369484144842476 
8656.0 0.5290985830080424 -0.9850184809560099 -0.9005000261875944 0.021039181243303062 -0.22975940428449992 -0.40739961189505736 
2192.0 -0.3116998974435856 -0.6708394916783809 -0.8574371844227475 0.01658713697219838 0.7714963823937075 -0.09853450001345077 
1764.0 -0.4313268517240241 0.00513956998232068 -0.768840436023889 0.0845805068333616 0.20919202612841414 -0.3076859711600983 
820.0 0.2349971705720988 -0.8553368156008259 0.5902540523433792 0.03698354905530077 -0.22975940428449992 -0.36715299677238833 
4016.0 0.07721133251739754 -0.9335916536705278 -0.8510378839179378 0.7405316067862495 -0.7535677343470728 -0.36715299677238833 
8096.0 -0.6587904245489093 -0.9684846594440448 -0.6147345383724541 0.7150095862464345 0.9669094926867892 -0.24853308151710607 
11516.0 -0.6587904245489093 -0.05142487695210107 -0.8574371844227475 -0.537296574271398 0.4305162339074484 -0.24853308151710607 
8.0 -0.3116998974435856 -0.9850184809560099 -0.9560456839625835 0.021039181243303062 0.2536010034719134 0.86113543981242 
564.0 0.2349971705720988 -0.3302400327414705 -0.8574371844227475 0.03698354905530077 0.8360680006314483 -0.15068801231963946 
0.0 0.13292808385177146 -0.9684846594440448 -0.6147345383724541 -0.21122147464454555 0.7716990310323337 0.9462995988935283 
18948.0 -0.4313268517240241 -0.4123502611228598 -0.768840436023889 -0.21122147464454555 0.3114046846859595 -0.24853308151710607 
5220.0 -0.8664221011153503 -0.8293262767890814 -0.6291226078283896 0.03698354905530077 -0.2919074657928904 -0.15068801231963946 
12468.0 -0.7762060901858705 -0.8232071401854666 -0.9980265213071693 0.7150095862464345 0.20919202612841414 -0.2898105163128484 
2000.0 -0.962261410087281 -0.5539079334536867 -0.6147345383724541 -0.3289927511495432 -0.2919074657928904 -0.2713299130458995 
15400.0 -0.4313268517240241 -0.4123502611228598 -0.768840436023889 -0.537296574271398 0.4305162339074484 -0.10984458002859965 
13612.0 -0.43175546591508485 -0.8232071401854666 -0.6147345383724541 0.7150095862464345 0.20919202612841414 -0.3284086013022831 
7368.0 -0.6587904245489093 -0.8553368156008259 -0.6147345383724541 -0.7598965526382471 0.7716990310323337 -0.15068801231963946 
0.0 -0.12218401551957636 0.9576928701143108 -0.9980265213071693 -0.6711422806309189 0.20919202612841414 -0.40739961189505736 
8992.0 -0.4313268517240241 -0.4123502611228598 -0.768840436023889 0.9919338747139275 0.4305162339074484 -0.3076859711600983 
4268.0 0.6098878366332292 -0.9850184809560099 -0.9980265213071693 -0.3289927511495432 0.20919202612841414 -0.40739961189505736 
1572.0 0.020108493504148228 0.00513956998232068 -0.9980265213071693 0.01658713697219838 0.0003190951153178023 -0.40739961189505736 
19856.0 -0.43175546591508485 -0.6478062474194082 -0.5208627452744565 0.7150095862464345 0.47156455382625784 -0.24853308151710607 
7236.0 0.1626454122185026 -0.9714673468470465 -0.8075831628200043 -0.4799718884139432 0.15617222656700314 -0.5217554965452171 
56.0 -0.08231175384434164 -0.8803131323362399 -0.4982336010031101 0.44952160560899945 0.15617222656700314 0.16682040362239836 
9972.0 -0.056591622152547094 -0.8553368156008259 -0.9980265213071693 0.021039181243303062 0.20919202612841414 -0.15068801231963946 
8296.0 -0.12218401551957636 -0.9850184809560099 -0.9980265213071693 0.44952160560899945 0.20919202612841414 -0.5843798985331334 
28.0 -0.12218401551957636 0.11838524303637454 -0.8574371844227475 0.7903031169363124 0.4305162339074484 -0.10984458002859965 
