15176.0 0.8315596622922383 -0.8987051506599475 -0.7383970753904125 -0.6408251419649238 -0.8473820860638579 -0.11969977621231864 -0.008743785592233433 
6036.0 -0.4185236579739382 -0.8831136907597839 -0.8289813095961269 0.6441381231371583 0.7801085902321034 -0.5426531545190361 -0.7129456799838507 
10608.0 -0.4185236579739382 -0.8831136907597839 -0.8289813095961269 -0.9696275712380662 0.7801085902321034 -0.5426531545190361 -0.7129456799838507 
2380.0 -0.9377901337360848 -0.2783394582409955 -0.8481082516440819 0.7895902534168575 0.18979285663402257 -0.07213246103155035 -0.8162542160443294 
11496.0 0.4350479707292636 -0.6695769009266299 -0.9557505719322266 0.18777346600809497 -0.33210816133811805 -0.3038666970835966 -0.8162542160443294 
13152.0 -0.44789716660872547 -0.4440652078279377 -0.6926563320728822 -0.7227984852562146 0.4572585326177998 -0.27224716308718877 -0.3324691469730101 
5388.0 -0.9125662168213844 -0.7452118402479795 -0.8812839561181214 -0.2620372089159484 0.7198831839891406 -0.3220329242882387 -0.8162542160443294 
8080.0 -0.44554717229621676 -0.8831136907597839 -0.8289813095961269 -0.7908258036318234 0.5847440369821129 -0.42941417577975316 0.33478355401344695 
10580.0 -0.44554717229621676 -0.9314516951901022 -0.8812839561181214 -0.8141311210089615 0.006480367513046259 -0.3220329242882387 0.13733962568499547 
3648.0 -0.44789716660872547 -0.8831136907597839 -0.3047508839505906 0.10099399818076349 0.14420544406851477 -0.26350015777348124 -0.7129456799838507 
1800.0 -0.9125662168213844 -0.030314381313224947 -0.8289813095961269 -0.7908258036318234 0.6816960119247923 -0.42941417577975316 -0.8162542160443294 
0.0 -0.9125662168213844 0.6155479118384799 -0.8812839561181214 -0.8141311210089615 0.4572585326177998 -0.514520185822755 -0.11446509239068536 
1496.0 -0.4185236579739382 -0.8831136907597839 -0.8289813095961269 -0.7143477353261711 0.7801085902321034 -0.3220329242882387 -0.7129456799838507 
20400.0 -0.4185236579739382 -0.8831136907597839 -0.8289813095961269 -0.7908258036318234 0.4572585326177998 -0.42941417577975316 -0.3324691469730101 
1696.0 -0.4185236579739382 -0.4687032513407281 -0.26582129467690807 0.17584611402299055 0.4572585326177998 -0.514520185822755 -0.08295473547049959 
56.0 -0.5467998354475372 0.3082234203833798 -0.8812839561181214 -0.3237332024459718 0.4572585326177998 -0.5426531545190361 -0.3324691469730101 
456.0 -0.9125662168213844 -0.6093748570823709 -0.8289813095961269 -0.7908258036318234 0.14420544406851477 -0.4350324956109315 0.8143635182538786 
5684.0 -0.6122790119886434 -0.3232360154692142 -0.7603157244834269 0.5942062271720774 0.4572585326177998 -0.2113230078153825 -0.3324691469730101 
4244.0 -0.38195788100824024 -0.5889042946102205 -0.8812839561181214 -0.8141311210089615 0.3225383196182259 -0.12826330059016722 -0.7424916504938013 
748.0 -0.4185236579739382 -0.8831136907597839 -0.8289813095961269 -0.7908258036318234 0.14420544406851477 0.0012757596036869767 -0.3324691469730101 
11236.0 -0.4185236579739382 -0.9577891312899889 -0.3047508839505906 0.6278226802057096 0.4572585326177998 -0.26350015777348124 -0.3324691469730101 
5428.0 -0.4185236579739382 -0.8831136907597839 -0.8289813095961269 -0.7908258036318234 0.14420544406851477 -0.42941417577975316 -0.8909282526651876 
5996.0 -0.6653580903545138 -0.2783394582409955 -0.3047508839505906 0.6711004815345465 -0.11623913061227831 -0.07213246103155035 -0.0457785511798221 
1192.0 0.9859745444303825 -0.7452118402479795 -0.8289813095961269 0.9442221954203942 0.16356048124537437 -0.3220329242882387 -0.7129456799838507 
3156.0 -0.9125662168213844 -0.4687032513407281 -0.6926563320728822 -0.8141311210089615 0.8834297085510907 -0.3220329242882387 -0.8162542160443294 
124.0 0.8315596622922383 -0.8463158299767621 -0.8289813095961269 -0.8435904729716193 -0.9430641398439621 -0.11969977621231864 0.9291666396335954 
1468.0 0.8316766384756809 -0.8831136907597839 -0.8812839561181214 0.9442221954203942 0.16356048124537437 -0.3220329242882387 -0.7129456799838507 
0.0 -0.4185236579739382 0.5431639678057554 -0.36974587853098373 -0.7908258036318234 0.18979285663402257 -0.514520185822755 0.03411142790053523 
10156.0 0.4350479707292636 -0.7881350802955283 -0.8812839561181214 0.9442221954203942 0.16356048124537437 -0.3220329242882387 -0.26973250314966735 
4300.0 -0.5467998354475372 -0.7881350802955283 -0.6432210279740718 -0.3237332024459718 0.3225383196182259 -0.3038666970835966 -0.8162542160443294 
3184.0 -0.5467998354475372 -0.4687032513407281 -0.6926563320728822 -0.3237332024459718 0.3225383196182259 -0.5426531545190361 -0.8162542160443294 
0.0 -0.44789716660872547 0.9110322561102497 -0.3047508839505906 0.3854710964409156 0.7198831839891406 -0.2113230078153825 -0.7541756780678743 
1816.0 0.36866945557217345 -0.8463158299767621 0.4057134974736507 0.9174749714021047 0.16356048124537437 -0.19588798055622347 -0.6089763203384153 
3580.0 -0.5098642694476638 -0.8938193976398574 -0.8289813095961269 0.9442221954203942 0.7198831839891406 -0.3832158202341802 0.9289036004049511 
9136.0 0.2568436670065182 -0.9577891312899889 -0.8812839561181214 0.8030107475489099 0.16356048124537437 -0.26350015777348124 -0.26973250314966735 
7800.0 -0.6653580903545138 -0.7452118402479795 -0.8812839561181214 0.7895902534168575 0.7198831839891406 -0.3220329242882387 -0.8162542160443294 
5904.0 -0.4185236579739382 -0.8831136907597839 -0.36974587853098373 0.22354474114340817 0.4572585326177998 -0.514520185822755 -0.3324691469730101 
9616.0 0.2568436670065182 -0.4687032513407281 -0.8812839561181214 0.9442221954203942 -0.29460487866674545 -0.3220329242882387 -0.3324691469730101 
4504.0 -0.4185236579739382 -0.8938193976398574 -0.8289813095961269 -0.7908258036318234 0.14420544406851477 -0.4350324956109315 0.39821653021543035 
11952.0 -0.9006546880556336 -0.8843639728036197 -0.3599756191203989 -0.7908258036318234 0.7198831839891406 -0.22021003879465018 -0.20726811702901515 
14140.0 -0.5390792578037924 -0.8938193976398574 -0.3599756191203989 0.9442221954203942 0.7801085902321034 -0.27224716308718877 -0.26973250314966735 
1584.0 -0.9125662168213844 -0.2783394582409955 -0.8481082516440819 0.7895902534168575 0.18979285663402257 -0.07213246103155035 -0.8162542160443294 
8.0 -0.44789716660872547 0.3459524290785565 -0.5506665173632894 -0.7908258036318234 0.4572585326177998 -0.514520185822755 -0.3324691469730101 
6768.0 -0.37287225195260065 -0.7452118402479795 -0.6926563320728822 -0.7227984852562146 0.4572585326177998 -0.27224716308718877 -0.3324691469730101 
2068.0 -0.4185236579739382 -0.8831136907597839 0.3102821264380471 0.6441381231371583 0.7198831839891406 -0.5426531545190361 -0.20726811702901515 
5052.0 -0.4185236579739382 -0.8831136907597839 0.15346448636202803 0.9442221954203942 0.7198831839891406 -0.27224716308718877 -0.26973250314966735 
2396.0 -0.5098642694476638 -0.7452118402479795 0.042459530328525785 0.9442221954203942 0.16356048124537437 -0.3220329242882387 -0.8162542160443294 
4408.0 0.14388137881294538 -0.7452118402479795 -0.7315827501558494 -0.8141311210089615 -0.0008015083482080243 -0.19588798055622347 -0.6089763203384153 
4252.0 0.5015831570763889 -0.8831136907597839 -0.8812839561181214 -0.8141311210089615 0.16356048124537437 -0.3220329242882387 -0.3324691469730101 
5332.0 -0.9006546880556336 -0.7452118402479795 -0.8812839561181214 0.9442221954203942 0.16356048124537437 -0.5580037256242032 -0.8162542160443294 
100.0 -0.4185236579739382 -0.8831136907597839 -0.8289813095961269 -0.7908258036318234 0.6816960119247923 0.08857802824773597 -0.7129456799838507 
7196.0 -0.9125662168213844 -0.8831136907597839 -0.8812839561181214 -0.5155806477227258 0.6816960119247923 -0.8539552271408035 -0.8162542160443294 
7364.0 -0.9125662168213844 -0.8831136907597839 -0.8812839561181214 -0.1284233291936454 0.9170050124388327 -0.6305532519342483 -0.87518627042076 
5240.0 -0.44789716660872547 -0.9577891312899889 -0.8812839561181214 0.6278226802057096 0.4572585326177998 -0.13290125216516335 -0.3324691469730101 
7508.0 -0.44554717229621676 -0.9645638080569483 -0.8371032278914858 0.5942062271720774 -0.14964142991765184 -0.18196140150484674 -0.3217767041269679 
6208.0 -0.9125662168213844 -0.9645638080569483 -0.8812839561181214 0.5942062271720774 0.006480367513046259 -0.18196140150484674 0.29893625709245053 
3956.0 -0.6653580903545138 -0.7354904813271799 0.10564204523325338 0.1721241524372279 0.18979285663402257 -0.19588798055622347 0.152414660614967 
15776.0 -0.44789716660872547 -0.6093748570823709 -0.8812839561181214 -0.2902715782040288 0.16356048124537437 -0.3220329242882387 -0.3324691469730101 
4636.0 0.2568436670065182 -0.8831136907597839 -0.8812839561181214 -0.7726584407439565 0.16356048124537437 -0.3220329242882387 -0.7129456799838507 
0.0 -0.9915135776195303 -0.7452118402479795 -0.8289813095961269 -0.8141311210089615 0.14420544406851477 0.8380045496594761 -0.11827167425812468 
6592.0 -0.4185236579739382 -0.8831136907597839 -0.4762293200848833 0.9442221954203942 0.9170050124388327 -0.6305532519342483 -0.26973250314966735 
0.0 -0.4185236579739382 0.4841610856635572 -0.8812839561181214 0.3957764183021035 0.16356048124537437 -0.13290125216516335 -0.7129456799838507 
5476.0 -0.4185236579739382 -0.8831136907597839 -0.8289813095961269 0.559156887538315 0.16356048124537437 -0.4350324956109315 -0.7129456799838507 
3308.0 -0.9730988019518978 -0.7452118402479795 0.08891997226367554 0.9442221954203942 0.16356048124537437 -0.3220329242882387 -0.8162542160443294 
3360.0 -0.44789716660872547 -0.9577891312899889 -0.8289813095961269 0.9197367529616929 0.7801085902321034 -0.514520185822755 0.5033287975805985 
5804.0 -0.9125662168213844 -0.8831136907597839 -0.8812839561181214 -0.8141311210089615 0.4572585326177998 -0.3220329242882387 -0.5437521068156428 
4724.0 -0.9125662168213844 -0.7452118402479795 -0.27892916549904334 0.8422175373701015 0.9731923622853007 -0.45045062753227727 -0.11446509239068536 
4452.0 0.6599626114621098 -0.7452118402479795 -0.8481082516440819 0.7895902534168575 0.16356048124537437 -0.3220329242882387 -0.26973250314966735 
560.0 0.8315596622922383 -0.8987051506599475 -0.8481082516440819 -0.6408251419649238 0.18979285663402257 -0.11969977621231864 -0.810746309759032 
5548.0 -0.4185236579739382 -0.8831136907597839 -0.8812839561181214 -0.7908258036318234 0.16356048124537437 -0.42941417577975316 0.08814543686392451 
132.0 -0.5098642694476638 0.12013263264821905 -0.3599756191203989 0.6441381231371583 0.7801085902321034 -0.2113230078153825 -0.7541756780678743 
3312.0 -0.9006546880556336 -0.5358313563967205 -0.3599756191203989 -0.3237332024459718 0.7198831839891406 -0.5426531545190361 -0.20726811702901515 
10932.0 -0.9006546880556336 -0.8938193976398574 0.016119945889639276 0.9442221954203942 0.7198831839891406 -0.27224716308718877 -0.20726811702901515 
400.0 0.8315596622922383 -0.2783394582409955 0.20706650204834243 -0.8435904729716193 -0.9430641398439621 -0.11969977621231864 -0.2183804764743016 
2768.0 -0.9915135776195303 -0.7452118402479795 -0.16854814435102705 -0.1284233291936454 0.9170050124388327 -0.6305532519342483 -0.5842122698721459 
7308.0 -0.4185236579739382 -0.8831136907597839 -0.8812839561181214 -0.7908258036318234 0.16356048124537437 -0.514520185822755 -0.08295473547049959 
54384.0 -0.9125662168213844 -0.9314516951901022 -0.8289813095961269 -0.8141311210089615 0.6816960119247923 -0.3220329242882387 -0.11446509239068536 
3472.0 0.7812096845410506 -0.8938193976398574 -0.8812839561181214 -0.8141311210089615 0.16407808159820392 -0.45045062753227727 -0.26973250314966735 
11396.0 0.5319492285995797 -0.8987051506599475 -0.5506665173632894 -0.7227984852562146 -0.8473820860638579 -0.11969977621231864 -0.008743785592233433 
2956.0 -0.6653580903545138 -0.2783394582409955 -0.7383970753904125 0.7895902534168575 -0.8473820860638579 -0.07213246103155035 -0.34951260804697837 
10196.0 -0.6816163004708999 -0.7452118402479795 -0.8289813095961269 0.6441381231371583 0.16356048124537437 -0.3220329242882387 -0.26973250314966735 
2452.0 0.14388137881294538 -0.6532288172998615 -0.9123185498485507 -0.8141311210089615 0.64553314557464 -0.662867622053906 -0.8162542160443294 
3788.0 -0.3913969000032287 -0.8831136907597839 -0.6117361258187297 -0.1284233291936454 0.18979285663402257 -0.6305532519342483 -0.9892507529915986 
6084.0 -0.44789716660872547 -0.8831136907597839 -0.3047508839505906 -0.945483620513832 0.4572585326177998 -0.5426531545190361 -0.3324691469730101 
2880.0 -0.44554717229621676 -0.6695769009266299 -0.2697915703970497 -0.3237332024459718 0.006480367513046259 -0.5426531545190361 -0.8162542160443294 
2304.0 -0.6653580903545138 -0.2783394582409955 -0.8481082516440819 0.7895902534168575 -0.5483530784963635 -0.11969977621231864 -0.2183804764743016 
6236.0 0.3077220019993012 -0.9314516951901022 -0.8812839561181214 -0.1284233291936454 0.16356048124537437 -0.6305532519342483 -0.11446509239068536 
1248.0 -0.9125662168213844 -0.8831136907597839 0.5331601394569152 -0.1284233291936454 0.16356048124537437 -0.3220329242882387 -0.11446509239068536 
3496.0 -0.44789716660872547 -0.8831136907597839 -0.3047508839505906 0.6278226802057096 -0.6354329020902296 -0.26350015777348124 -0.3324691469730101 
772.0 -0.4185236579739382 -0.7452118402479795 0.6064456513291134 0.6441381231371583 0.7801085902321034 -0.5426531545190361 -0.26973250314966735 
11968.0 0.2568436670065182 -0.8831136907597839 -0.8289813095961269 -0.7908258036318234 0.16356048124537437 -0.42941417577975316 0.08814543686392451 
2440.0 -0.38195788100824024 -0.8831136907597839 -0.27892916549904334 0.8422175373701015 0.7801085902321034 -0.12826330059016722 0.152414660614967 
6436.0 0.4350479707292636 -0.7452118402479795 -0.8812839561181214 -0.586950377282621 0.16356048124537437 -0.3038666970835966 0.010111111615076496 
10224.0 0.2568436670065182 -0.7452118402479795 -0.8812839561181214 -0.7908258036318234 0.16356048124537437 -0.3220329242882387 -0.7129456799838507 
4004.0 -0.9125662168213844 -0.9314516951901022 -0.8812839561181214 0.47139513855734294 0.16356048124537437 -0.7567268841526613 -0.11446509239068536 
3868.0 -0.4185236579739382 -0.5358313563967205 -0.3599756191203989 -0.7415967891994295 -0.18765736262219312 -0.19588798055622347 -0.7129456799838507 
6612.0 -0.6653580903545138 -0.7682679112642141 -0.8289813095961269 0.3957764183021035 0.14420544406851477 -0.13290125216516335 0.15163294641089275 
4900.0 -0.4185236579739382 -0.8831136907597839 -0.8371032278914858 -0.7908258036318234 0.4572585326177998 -0.514520185822755 0.33478355401344695 
7520.0 -0.38195788100824024 -0.6810680458214964 -0.27892916549904334 0.8422175373701015 0.3225383196182259 -0.27224716308718877 0.152414660614967 
7196.0 -0.9125662168213844 -0.7452118402479795 -0.6141078821829951 -0.8141311210089615 0.16407808159820392 -0.3220329242882387 -0.11446509239068536 
7464.0 -0.5098642694476638 -0.8831136907597839 -0.763731169106431 0.9442221954203942 0.7198831839891406 -0.27224716308718877 -0.26973250314966735 
4208.0 -0.44789716660872547 -0.8831136907597839 -0.3047508839505906 0.6278226802057096 0.4572585326177998 -0.5609933063974073 -0.7129456799838507 
2496.0 -0.44789716660872547 -0.8831136907597839 -0.6926563320728822 -0.7227984852562146 -0.8775635619728335 -0.514520185822755 -0.3324691469730101 
7540.0 -0.4185236579739382 -0.8831136907597839 -0.8940073120203043 0.6441381231371583 0.14420544406851477 -0.5426531545190361 -0.7129456799838507 
5956.0 -0.9125662168213844 -0.7452118402479795 -0.8289813095961269 -0.5155806477227258 0.7198831839891406 -0.3220329242882387 -0.9805948123267809 
10472.0 -0.44789716660872547 -0.9577891312899889 -0.3047508839505906 0.6278226802057096 0.7198831839891406 -0.27224716308718877 -0.3324691469730101 
5352.0 -0.9915135776195303 -0.7452118402479795 -0.8812839561181214 -0.8141311210089615 0.4572585326177998 -0.3220329242882387 -0.8000825940902438 
4032.0 -0.9125662168213844 -0.7452118402479795 -0.8812839561181214 -0.7908258036318234 0.8965528581289288 -0.42941417577975316 -0.8162542160443294 
2488.0 -0.44789716660872547 -0.7452118402479795 -0.5506665173632894 -0.7227984852562146 -0.6544961697610574 -0.26350015777348124 -0.8162542160443294 
0.0 -0.38195788100824024 0.5756502183980121 -0.27892916549904334 0.8422175373701015 0.3225383196182259 -0.11969977621231864 0.152414660614967 
24.0 -0.8693413596218815 0.30485278781044745 -0.8812839561181214 -0.8141311210089615 0.16356048124537437 -0.3220329242882387 -0.11446509239068536 
8.0 -0.9125662168213844 0.5035759523193832 -0.8812839561181214 -0.6408251419649238 0.16356048124537437 -0.11969977621231864 -0.11446509239068536 
5216.0 -0.44554717229621676 -0.8463158299767621 -0.4049782569243576 0.5942062271720774 -0.018021249734449407 -0.11969977621231864 -0.2183804764743016 
4404.0 -0.44789716660872547 -0.9577891312899889 -0.7383970753904125 0.6278226802057096 -0.8473820860638579 -0.26350015777348124 -0.3324691469730101 
7324.0 -0.4185236579739382 -0.8831136907597839 -0.8812839561181214 -0.7908258036318234 0.7801085902321034 -0.514520185822755 -0.37959330010562176 
928.0 0.9946544164291582 -0.7452118402479795 -0.8812839561181214 -0.7227984852562146 0.4572585326177998 -0.3220329242882387 -0.8162542160443294 
2100.0 -0.4185236579739382 -0.8831136907597839 0.15510165374520524 0.6278226802057096 0.4572585326177998 -0.42941417577975316 0.08814543686392451 
5668.0 -0.5098642694476638 -0.8938193976398574 0.381754411979629 0.9442221954203942 0.4572585326177998 -0.27224716308718877 -0.26973250314966735 
2340.0 -0.44789716660872547 -0.4687032513407281 -0.8595704720382373 -0.1284233291936454 0.9170050124388327 -0.27224716308718877 -0.3324691469730101 
4644.0 -0.9006546880556336 -0.7452118402479795 -0.3599756191203989 0.7802796755057526 0.16356048124537437 -0.3832158202341802 -0.8162542160443294 
10128.0 -0.9125662168213844 -0.7881350802955283 -0.8812839561181214 -0.8141311210089615 0.3613542030482728 -0.3220329242882387 0.30961883955079395 
5064.0 -0.44789716660872547 -0.27038730409555956 -0.6926563320728822 -0.7227984852562146 0.4572585326177998 -0.09575187781946082 -0.3324691469730101 
4240.0 -0.44789716660872547 -0.4440652078279377 -0.9557505719322266 -0.7227984852562146 -0.33210816133811805 -0.26350015777348124 -0.3324691469730101 
4752.0 -0.4185236579739382 -0.8831136907597839 -0.3047508839505906 -0.8963617523616176 0.7801085902321034 -0.26350015777348124 -0.3324691469730101 
3204.0 -0.9125662168213844 -0.27412755331794325 -0.8812839561181214 -0.8141311210089615 0.16356048124537437 -0.3220329242882387 -0.11446509239068536 
7396.0 -0.44789716660872547 -0.9577891312899889 -0.8289813095961269 -0.7908258036318234 -0.18594966638958943 -0.4350324956109315 -0.7129456799838507 
4584.0 -0.9006546880556336 -0.5358313563967205 -0.3599756191203989 0.9442221954203942 0.6816960119247923 -0.42941417577975316 -0.20726811702901515 
3684.0 -0.9125662168213844 -0.9314516951901022 -0.8812839561181214 0.5001025290431982 0.16356048124537437 -0.3220329242882387 -0.7129456799838507 
1916.0 0.9645930249996972 -0.8831136907597839 0.10564204523325338 -0.4271611151149368 -0.0008015083482080243 -0.19588798055622347 -0.7129456799838507 
8864.0 -0.1667050243940782 -0.7452118402479795 -0.8812839561181214 -0.7227984852562146 0.4572585326177998 -0.3220329242882387 -0.26973250314966735 
17232.0 -0.44789716660872547 -0.6695769009266299 -0.8812839561181214 -0.3237332024459718 0.3225383196182259 -0.5426531545190361 -0.3324691469730101 
3312.0 0.2568436670065182 -0.8938193976398574 -0.8812839561181214 -0.21522296509281413 0.7198831839891406 -0.3220329242882387 -0.26973250314966735 
7924.0 -0.9125662168213844 -0.7452118402479795 -0.3206763453737078 -0.5155806477227258 0.7198831839891406 -0.3220329242882387 0.03479457157323118 
28.0 0.8315596622922383 -0.8987051506599475 -0.7383970753904125 -0.6408251419649238 -0.8473820860638579 0.3413502838608644 -0.3324691469730101 
6792.0 -0.44789716660872547 -0.8831136907597839 -0.8289813095961269 -0.7227984852562146 0.14420544406851477 -0.4350324956109315 -0.7129456799838507 
264.0 0.23969833558212894 -0.5693188704389052 -0.5506665173632894 -0.7908258036318234 0.14420544406851477 0.34326723673584736 -0.3217767041269679 
0.0 0.23969833558212894 -0.6695769009266299 -0.8812839561181214 -0.6616222622263663 -0.14964142991765184 0.5046149065466701 -0.3217767041269679 
2632.0 0.23969833558212894 -0.4440652078279377 -0.5506665173632894 -0.6616222622263663 0.4572585326177998 -0.3038666970835966 -0.636792609049607 
7528.0 0.4350479707292636 -0.8987051506599475 -0.7383970753904125 0.18777346600809497 -0.33210816133811805 -0.3038666970835966 -0.6055771620933217 
272.0 -0.9006546880556336 0.2964099808869174 -0.5506665173632894 0.9442221954203942 -0.14964142991765184 -0.3038666970835966 -0.3217767041269679 
1296.0 0.8315596622922383 -0.8831136907597839 -0.5049333149942636 -0.6408251419649238 0.6816960119247923 -0.42941417577975316 0.08814543686392451 
5908.0 -0.30279641751948483 -0.9577891312899889 -0.3047508839505906 0.6278226802057096 0.3225383196182259 -0.26350015777348124 -0.8162542160443294 
6412.0 0.2568436670065182 -0.19864376712142362 -0.8289813095961269 -0.7908258036318234 0.14420544406851477 -0.4350324956109315 -0.26973250314966735 
8388.0 0.2568436670065182 -0.8831136907597839 -0.8812839561181214 0.9442221954203942 -0.5398217243159231 -0.42941417577975316 -0.26973250314966735 
2164.0 -0.7813754290091346 -0.8938193976398574 -0.3599756191203989 0.9442221954203942 0.7198831839891406 -0.27224716308718877 0.9368352758040541 
8.0 -0.4185236579739382 0.9247222831706965 -0.8289813095961269 -0.7227984852562146 0.7801085902321034 -0.5426531545190361 -0.3324691469730101 
22152.0 -0.44789716660872547 -0.8831136907597839 -0.3047508839505906 0.6278226802057096 0.4572585326177998 -0.26350015777348124 0.08814543686392451 
48.0 -0.9915135776195303 0.24581444719262402 -0.8812839561181214 -0.8141311210089615 0.16356048124537437 -0.26350015777348124 -0.11827167425812468 
4196.0 0.14388137881294538 -0.8831136907597839 0.05909890031275111 -0.8141311210089615 0.16356048124537437 -0.3220329242882387 -0.9892507529915986 
2892.0 -0.729435401338139 -0.8831136907597839 -0.8289813095961269 0.6560989074211319 -0.5696895140028595 -0.42941417577975316 -0.7129456799838507 
3052.0 0.23969833558212894 -0.5693188704389052 -0.5506665173632894 -0.7227984852562146 0.4472771297295677 -0.3038666970835966 -0.3217767041269679 
7640.0 -0.9125662168213844 -0.7452118402479795 -0.8812839561181214 -0.7227984852562146 0.16407808159820392 -0.27224716308718877 -0.11446509239068536 
396.0 -0.5098642694476638 -0.8938193976398574 -0.3599756191203989 0.9442221954203942 0.7198831839891406 -0.22021003879465018 0.9934246874231747 
3056.0 -0.9125662168213844 -0.7452118402479795 -0.8289813095961269 -0.8141311210089615 0.6816960119247923 -0.45045062753227727 0.5994151482703021 
4692.0 -0.10317773993824719 -0.7452118402479795 -0.8289813095961269 -0.5155806477227258 0.6816960119247923 -0.3220329242882387 -0.8162542160443294 
768.0 -0.9125662168213844 0.015517033864669072 -0.8289813095961269 -0.8141311210089615 0.16356048124537437 -0.4350324956109315 -0.910972091687674 
8016.0 -0.4185236579739382 -0.8831136907597839 -0.8289813095961269 0.6441381231371583 0.4572585326177998 -0.25779750886002706 -0.3324691469730101 
0.0 -0.9125662168213844 -0.7452118402479795 -0.8812839561181214 -0.7908258036318234 0.6816960119247923 0.7461869068017111 -0.8162542160443294 
7032.0 0.8315596622922383 -0.8831136907597839 -0.16379896003317307 0.6441381231371583 -0.8473820860638579 -0.11969977621231864 -0.008743785592233433 
5992.0 -0.9006546880556336 -0.8831136907597839 -0.3599756191203989 0.9442221954203942 0.002461958592675062 -0.22021003879465018 -0.5842122698721459 
3432.0 -0.4185236579739382 -0.8831136907597839 -0.8289813095961269 0.3957764183021035 0.6816960119247923 -0.13290125216516335 -0.572867163771241 
5348.0 -0.6653580903545138 -0.7682679112642141 -0.3428169408264248 0.5248776087483444 -0.0720055783524598 -0.13290125216516335 0.11606927615266693 
10824.0 -0.44789716660872547 -0.4687032513407281 -0.6926563320728822 -0.8435904729716193 0.4572585326177998 -0.28935736717336624 -0.3324691469730101 
5232.0 -0.4185236579739382 -0.7881350802955283 -0.9557505719322266 0.18777346600809497 -0.33210816133811805 -0.514520185822755 -0.537016147334612 
3340.0 -0.44789716660872547 -0.7452118402479795 0.05517229011647329 -0.7227984852562146 0.16356048124537437 -0.27224716308718877 -0.3324691469730101 
32.0 -0.5098642694476638 -0.6093748570823709 -0.8812839561181214 0.9442221954203942 0.7198831839891406 0.24506499485102706 -0.26973250314966735 
12972.0 -0.4185236579739382 -0.8831136907597839 -0.8289813095961269 0.6441381231371583 0.7198831839891406 -0.5426531545190361 -0.26973250314966735 
5472.0 -0.9125662168213844 -0.7452118402479795 -0.8812839561181214 0.3370868367316979 0.16356048124537437 -0.5426531545190361 -0.7129456799838507 
3244.0 -0.5467998354475372 -0.6695769009266299 -0.8812839561181214 -0.3237332024459718 0.006480367513046259 -0.5426531545190361 0.33478355401344695 
1968.0 -0.5098642694476638 -0.9314516951901022 -0.3599756191203989 -0.8141311210089615 0.16356048124537437 -0.9839950071561239 -0.11446509239068536 
276.0 -0.44789716660872547 0.10422114697507578 -0.6926563320728822 -0.7227984852562146 0.4572585326177998 -0.514520185822755 -0.3324691469730101 
1924.0 -0.3442998145463758 -0.6093748570823709 0.014656664801630415 0.8818904118504669 0.7801085902321034 -0.3220329242882387 -0.7153889971542777 
4304.0 -0.44789716660872547 -0.8938193976398574 -0.4627964331780319 0.6560989074211319 -0.5696895140028595 -0.27224716308718877 -0.3217767041269679 
0.0 0.23969833558212894 -0.5693188704389052 -0.8812839561181214 -0.6616222622263663 -0.14964142991765184 0.9674685009464135 -0.7153889971542777 
12892.0 -0.9006546880556336 -0.8831136907597839 -0.8289813095961269 0.5093091690254303 0.7801085902321034 -0.5426531545190361 -0.7129456799838507 
7564.0 0.36866945557217345 -0.46218206649485527 -0.6926563320728822 -0.7227984852562146 -0.0008015083482080243 -0.27224716308718877 -0.3324691469730101 
12828.0 0.2568436670065182 -0.7452118402479795 -0.7005046866822597 -0.7227984852562146 0.16356048124537437 -0.27224716308718877 -0.26973250314966735 
0.0 -0.9125662168213844 -0.7452118402479795 -0.7583456516217244 -0.8141311210089615 0.16356048124537437 0.7150416973501401 -0.5842122698721459 
7468.0 0.2568436670065182 -0.7452118402479795 -0.8812839561181214 0.3957764183021035 -0.3138167522375286 -0.13290125216516335 -0.26973250314966735 
1116.0 0.5712942064659163 -0.9577891312899889 -0.3047508839505906 -0.7908258036318234 0.4572585326177998 -0.26350015777348124 -0.7129456799838507 
6276.0 -0.4185236579739382 -0.7452118402479795 -0.8812839561181214 0.3799613942078568 0.16356048124537437 -0.3220329242882387 -0.7129456799838507 
3196.0 -0.4185236579739382 -0.3714164604458323 -0.8289813095961269 0.9197367529616929 0.7801085902321034 -0.514520185822755 -0.7129456799838507 
3488.0 -0.44554717229621676 -0.9645638080569483 -0.11856042841877734 -0.7227984852562146 0.006480367513046259 -0.26350015777348124 0.33478355401344695 
0.0 -0.44789716660872547 -0.8831136907597839 -0.3047508839505906 -0.7908258036318234 0.7801085902321034 0.11859406683241946 -0.7129456799838507 
1660.0 -0.4185236579739382 -0.8831136907597839 0.6290511614997458 0.9197367529616929 0.7801085902321034 -0.18196140150484674 -0.9892507529915986 
3060.0 -0.44789716660872547 -0.4687032513407281 -0.7383970753904125 -0.7227984852562146 -0.7098106211969437 -0.27224716308718877 -0.008743785592233433 
7612.0 -0.4185236579739382 -0.8831136907597839 -0.8812839561181214 -0.5155806477227258 0.7198831839891406 -0.3220329242882387 -0.8162542160443294 
5240.0 -0.4185236579739382 -0.8831136907597839 -0.8289813095961269 0.6441381231371583 0.7198831839891406 -0.27224716308718877 -0.7129456799838507 
5892.0 -0.4185236579739382 -0.8831136907597839 -0.36974587853098373 -0.7908258036318234 0.14420544406851477 -0.514520185822755 -0.7129456799838507 
5960.0 -0.44789716660872547 -0.4687032513407281 -0.9601351954272823 0.10099399818076349 0.7801085902321034 -0.27224716308718877 -0.3324691469730101 
7284.0 -0.9730988019518978 -0.8831136907597839 -0.8289813095961269 0.6441381231371583 0.7801085902321034 -0.3220329242882387 -0.7129456799838507 
6016.0 -0.9006546880556336 -0.5693188704389052 -0.5506665173632894 0.12566472798243788 -0.14964142991765184 -0.22021003879465018 -0.3217767041269679 
3760.0 -0.5521795729814076 -0.2783394582409955 -0.3599756191203989 0.7895902534168575 0.7198831839891406 -0.27224716308718877 -0.26973250314966735 
3360.0 0.8315596622922383 -0.8463158299767621 -0.8812839561181214 -0.5051107279997471 -0.9430641398439621 -0.11969977621231864 -0.8162542160443294 
1660.0 -0.44789716660872547 -0.8831136907597839 0.5855696745950587 -0.7908258036318234 0.14420544406851477 -0.4350324956109315 -0.7129456799838507 
2252.0 -0.1655634141529807 -0.9314516951901022 -0.17396402347018536 0.5248776087483444 -0.3342155782806595 -0.45045062753227727 -0.9892507529915986 
10192.0 -0.6653580903545138 -0.2783394582409955 -0.7431420683468377 0.7895902534168575 0.18979285663402257 -0.2113230078153825 0.03411142790053523 
2772.0 -0.4185236579739382 -0.9577891312899889 -0.8289813095961269 0.6278226802057096 0.7801085902321034 -0.5426531545190361 0.7015626604207619 
10532.0 -0.4185236579739382 -0.4440652078279377 -0.8289813095961269 -0.024935457521749083 0.4572585326177998 -0.26350015777348124 -0.3324691469730101 
4624.0 -0.28506228212153495 -0.7452118402479795 -0.8812839561181214 -0.6102999438953776 0.16356048124537437 -0.1348025355989475 -0.8162542160443294 
2148.0 0.14388137881294538 -0.7354904813271799 0.10564204523325338 -0.935695206474241 0.16356048124537437 -0.19588798055622347 0.152414660614967 
6184.0 -0.44789716660872547 -0.4440652078279377 -0.5506665173632894 -0.7227984852562146 0.4572585326177998 -0.26350015777348124 -0.3324691469730101 
3780.0 -0.9125662168213844 -0.7452118402479795 -0.8812839561181214 0.21526833039999071 0.16356048124537437 -0.3220329242882387 -0.8162542160443294 
1632.0 -0.44554717229621676 -0.7354904813271799 0.10564204523325338 -0.7415967891994295 -0.0008015083482080243 -0.19588798055622347 0.5936192784186358 
1748.0 -0.6122790119886434 -0.3232360154692142 -0.6972235935910442 0.6278226802057096 0.4440784455404543 -0.26350015777348124 -0.9915833060889667 
8.0 0.2568436670065182 -0.7452118402479795 -0.8289813095961269 0.9442221954203942 0.6816960119247923 0.2710796666208657 -0.26973250314966735 
1960.0 -0.38195788100824024 -0.5889042946102205 -0.27892916549904334 0.8422175373701015 0.7198831839891406 -0.27224716308718877 0.152414660614967 
1152.0 0.18621058013243297 -0.5358313563967205 -0.3599756191203989 0.37979906635493443 0.7198831839891406 -0.514520185822755 -0.7129456799838507 
4644.0 -0.4185236579739382 -0.5690782190594776 -0.8289813095961269 -0.7908258036318234 0.14420544406851477 -0.5426531545190361 -0.7129456799838507 
0.0 0.23969833558212894 0.43005409789882565 -0.5506665173632894 -0.6616222622263663 -0.0008015083482080243 -0.19588798055622347 -0.3217767041269679 
148.0 -0.9006546880556336 -0.3232360154692142 -0.7603157244834269 0.5942062271720774 0.7198831839891406 -0.2113230078153825 0.92194376695186 
1324.0 -0.6653580903545138 -0.2783394582409955 -0.3206763453737078 0.6441381231371583 0.14922951166554665 -0.514520185822755 -0.7129456799838507 
6524.0 -0.44554717229621676 -0.9645638080569483 -0.3599756191203989 0.5942062271720774 0.006480367513046259 -0.22021003879465018 0.33478355401344695 
0.0 -0.4185236579739382 -0.4687032513407281 -0.6926563320728822 -0.7227984852562146 0.7801085902321034 0.2284769934340265 -0.3324691469730101 
16.0 -0.9125662168213844 0.5965580123469938 -0.8289813095961269 -0.7908258036318234 0.16356048124537437 -0.4350324956109315 -0.7129456799838507 
960.0 0.23969833558212894 -0.5693188704389052 -0.27892916549904334 0.8422175373701015 0.3225383196182259 -0.12826330059016722 0.152414660614967 
5788.0 -0.44554717229621676 -0.9645638080569483 -0.8371032278914858 -0.9063893242490357 0.006480367513046259 -0.27224716308718877 0.33478355401344695 
216.0 -0.5098642694476638 -0.14979193770175225 -0.8371032278914858 0.9442221954203942 0.7198831839891406 -0.27224716308718877 0.33478355401344695 
7444.0 -0.4185236579739382 -0.8831136907597839 -0.36974587853098373 -0.7908258036318234 0.3035853613125947 -0.5426531545190361 -0.3324691469730101 
1312.0 -0.6797710351333073 -0.8831136907597839 -0.7383970753904125 -0.7908258036318234 0.16356048124537437 -0.11969977621231864 0.8461243323409606 
4532.0 -0.9006546880556336 -0.5358313563967205 -0.3599756191203989 -0.7082477107777054 0.7198831839891406 -0.27224716308718877 -0.3324691469730101 
17856.0 -0.4185236579739382 -0.8831136907597839 -0.8812839561181214 -0.7908258036318234 0.6816960119247923 -0.3220329242882387 0.08814543686392451 
5308.0 0.2568436670065182 -0.7881350802955283 -0.8812839561181214 0.18777346600809497 0.4737246610358057 -0.3220329242882387 -0.26973250314966735 
1904.0 0.2568436670065182 -0.8831136907597839 -0.8812839561181214 -0.1284233291936454 0.16356048124537437 -0.16045991515709712 -0.26973250314966735 
4020.0 -0.4185236579739382 -0.8831136907597839 -0.17396402347018536 0.6441381231371583 0.1273769138575056 -0.45045062753227727 -0.7129456799838507 
12220.0 -0.9125662168213844 -0.4687032513407281 -0.6926563320728822 0.3957764183021035 0.4572585326177998 -0.27224716308718877 -0.2653821109733079 
12848.0 0.8899863733810158 -0.7452118402479795 -0.8812839561181214 0.9442221954203942 -0.5696895140028595 -0.3220329242882387 -0.26973250314966735 
6356.0 -0.4185236579739382 -0.8831136907597839 -0.6105769362665496 0.10099399818076349 0.7801085902321034 -0.26350015777348124 -0.3324691469730101 
6540.0 -0.4185236579739382 -0.8831136907597839 -0.8289813095961269 0.9197367529616929 0.7801085902321034 -0.514520185822755 -0.05189745221290254 
16392.0 0.2568436670065182 -0.7452118402479795 -0.8812839561181214 0.9442221954203942 -0.0783799754486858 -0.3220329242882387 -0.26973250314966735 
588.0 -0.44789716660872547 -0.4687032513407281 -0.6926563320728822 0.3957764183021035 0.4572585326177998 -0.001565749020207008 0.010111111615076496 
7148.0 -0.26359565759425174 -0.8831136907597839 -0.8289813095961269 -0.7908258036318234 0.3225383196182259 -0.4350324956109315 -0.7129456799838507 
960.0 -0.4185236579739382 -0.8831136907597839 -0.8289813095961269 0.6278226802057096 0.4572585326177998 -0.42941417577975316 0.6572436571147076 
1936.0 0.7062091759010447 -0.8938193976398574 -0.8289813095961269 0.9442221954203942 0.6816960119247923 -0.42941417577975316 -0.7129456799838507 
2180.0 -0.9125662168213844 -0.8831136907597839 -0.36974587853098373 0.2736985858873071 -0.05098198955736111 -0.514520185822755 -0.3324691469730101 
96.0 -0.44789716660872547 -0.7452118402479795 -0.8812839561181214 -0.8141311210089615 0.4572585326177998 -0.3220329242882387 0.9815334562199864 
13384.0 -0.4185236579739382 -0.7452118402479795 -0.8289813095961269 0.9442221954203942 0.16356048124537437 -0.3220329242882387 -0.2224406439210922 
912.0 0.9378489385764806 -0.5889042946102205 -0.27892916549904334 0.8422175373701015 0.3225383196182259 -0.42941417577975316 0.152414660614967 
14184.0 -0.44789716660872547 -0.9577891312899889 -0.3047508839505906 -0.6715036617070398 0.4572585326177998 -0.13290125216516335 0.010111111615076496 
152.0 -0.9006546880556336 -0.7452118402479795 -0.3599756191203989 0.3957764183021035 0.16356048124537437 0.2456956080264321 0.010111111615076496 
4620.0 -0.44789716660872547 -0.8987051506599475 -0.7383970753904125 -0.6408251419649238 0.4572585326177998 -0.7577172105210552 -0.28311921544349294 
10008.0 0.2568436670065182 -0.7452118402479795 -0.8812839561181214 0.9442221954203942 0.16356048124537437 -0.3220329242882387 -0.8162542160443294 
3932.0 -0.4185236579739382 -0.8831136907597839 -0.8289813095961269 -0.7285984080729639 0.025153521027292625 -0.42941417577975316 -0.7129456799838507 
8692.0 -0.3442998145463758 -0.8831136907597839 -0.36974587853098373 -0.7908258036318234 0.46480833053085346 -0.514520185822755 -0.3324691469730101 
1036.0 0.2568436670065182 -0.7452118402479795 0.513175176740367 0.9442221954203942 0.16356048124537437 -0.514520185822755 -0.9892507529915986 
1692.0 -0.9125662168213844 -0.33753172143728927 -0.27892916549904334 -0.8141311210089615 0.16356048124537437 -0.3220329242882387 0.152414660614967 
0.0 -0.9006546880556336 0.4465802554919427 -0.3599756191203989 -0.8141311210089615 0.16356048124537437 -0.3220329242882387 0.6335103506957993 
18488.0 -0.44789716660872547 -0.4061091462856612 -0.5506665173632894 -0.7227984852562146 0.4572585326177998 -0.26350015777348124 -0.26973250314966735 
10252.0 -0.4185236579739382 -0.8831136907597839 -0.8289813095961269 0.6441381231371583 0.16356048124537437 -0.5426531545190361 -0.8162542160443294 
4896.0 0.2568436670065182 -0.7452118402479795 -0.5240896655002809 0.9442221954203942 0.16356048124537437 -0.26350015777348124 -0.26973250314966735 
9736.0 -0.44789716660872547 -0.8831136907597839 -0.36974587853098373 -0.7908258036318234 0.4572585326177998 -0.514520185822755 -0.3324691469730101 
3272.0 0.2568436670065182 -0.7452118402479795 -0.8812839561181214 0.9442221954203942 -0.4362077268987452 -0.3220329242882387 -0.8162542160443294 
2888.0 -0.4185236579739382 -0.8831136907597839 -0.17747887785632788 0.37979906635493443 0.7801085902321034 -0.5426531545190361 -0.7129456799838507 
5164.0 -0.7751112231511246 -0.8831136907597839 -0.7383970753904125 -0.6408251419649238 -0.14553519164453044 -0.514520185822755 -0.7129456799838507 
5564.0 -0.9125662168213844 -0.7452118402479795 -0.3599756191203989 0.9442221954203942 0.7198831839891406 -0.27224716308718877 0.42345893022188497 
7040.0 -0.44789716660872547 -0.4687032513407281 -0.875347616668392 0.9442221954203942 0.4572585326177998 -0.27224716308718877 -0.3324691469730101 
0.0 -0.4185236579739382 0.8657368211416352 -0.36974587853098373 -0.7908258036318234 0.4572585326177998 -0.514520185822755 -0.3324691469730101 
0.0 -0.44554717229621676 0.4281351280845591 -0.8371032278914858 0.5942062271720774 0.006480367513046259 -0.18196140150484674 -0.3324691469730101 
5580.0 -0.6653580903545138 -0.8831136907597839 -0.8289813095961269 0.7895902534168575 0.18979285663402257 -0.07213246103155035 0.03411142790053523 
0.0 -0.5098642694476638 0.940895897948578 -0.6926563320728822 0.9442221954203942 0.7198831839891406 -0.27224716308718877 -0.26973250314966735 
0.0 -0.38195788100824024 -0.5889042946102205 -0.8371032278914858 0.8422175373701015 0.7801085902321034 0.2772583172207641 0.152414660614967 
10548.0 -0.4185236579739382 -0.8831136907597839 -0.8289813095961269 -0.7227984852562146 0.14420544406851477 -0.4350324956109315 -0.3324691469730101 
6300.0 -0.6653580903545138 -0.7682679112642141 -0.8481082516440819 0.3957764183021035 0.18979285663402257 -0.13290125216516335 -0.12638739169129765 
0.0 -0.44789716660872547 0.6993831988292782 -0.3047508839505906 0.6278226802057096 0.7801085902321034 -0.5426531545190361 -0.3324691469730101 
4156.0 -0.4185236579739382 -0.3188123175061479 -0.8289813095961269 0.5248776087483444 0.14420544406851477 -0.45045062753227727 -0.7129456799838507 
15596.0 -0.4185236579739382 -0.709911103462135 -0.7603157244834269 0.47139513855734294 0.4440784455404543 -0.3114995930736302 -0.32505282797011414 
32.0 -0.44789716660872547 -0.4687032513407281 -0.6926563320728822 -0.8141311210089615 0.4572585326177998 -0.27224716308718877 0.716221645524443 
11108.0 -0.7751112231511246 -0.8831136907597839 -0.3206763453737078 0.16498685625979848 0.7801085902321034 -0.27224716308718877 -0.26973250314966735 
3844.0 0.4350479707292636 -0.7881350802955283 -0.9557505719322266 0.18777346600809497 -0.33210816133811805 -0.3114995930736302 -0.9609054739930141 
8176.0 -0.9125662168213844 -0.8831136907597839 -0.8812839561181214 0.6441381231371583 0.5218447899132359 -0.514520185822755 -0.7129456799838507 
1796.0 0.9998702052103878 -0.8831136907597839 -0.8289813095961269 0.6441381231371583 0.4572585326177998 -0.514520185822755 -0.7129456799838507 
1476.0 -0.4185236579739382 -0.8463158299767621 -0.8812839561181214 -0.8141311210089615 -0.9444483849118006 -0.3220329242882387 0.6335103506957993 
7872.0 -0.4185236579739382 -0.7452118402479795 -0.8812839561181214 0.9442221954203942 0.16356048124537437 -0.42941417577975316 -0.7889821952295537 
8192.0 -0.44789716660872547 -0.9268561518473115 -0.6926563320728822 -0.5599779781719119 0.4572585326177998 -0.27224716308718877 -0.3324691469730101 
3776.0 0.8315596622922383 -0.8463158299767621 -0.4049782569243576 -0.33746112678913054 -0.9430641398439621 -0.42941417577975316 -0.2183804764743016 
4456.0 -0.4185236579739382 -0.8831136907597839 -0.8289813095961269 0.9442221954203942 0.7801085902321034 -0.22021003879465018 -0.7129456799838507 
2392.0 -0.7751112231511246 -0.7452118402479795 -0.3206763453737078 0.6441381231371583 0.16356048124537437 -0.514520185822755 -0.7129456799838507 
2564.0 -0.4185236579739382 -0.3232360154692142 -0.8289813095961269 -0.7908258036318234 0.14173665111760547 -0.514520185822755 -0.7129456799838507 
2952.0 -0.4185236579739382 -0.8831136907597839 -0.8289813095961269 0.8422175373701015 0.20861505558990778 -0.514520185822755 0.152414660614967 
0.0 -0.44789716660872547 -0.9577891312899889 -0.3047508839505906 0.6278226802057096 -0.11623913061227831 0.5300606513651134 -0.3324691469730101 
1376.0 -0.9125662168213844 -0.2783394582409955 -0.8812839561181214 -0.8141311210089615 0.16356048124537437 -0.6615240656645178 -0.11446509239068536 
6136.0 -0.5098642694476638 -0.7452118402479795 -0.8812839561181214 0.9442221954203942 0.16356048124537437 -0.3220329242882387 0.5494903287502027 
11176.0 -0.7751112231511246 -0.8831136907597839 -0.6926563320728822 0.6441381231371583 0.7801085902321034 -0.514520185822755 -0.3324691469730101 
17288.0 -0.44789716660872547 -0.9577891312899889 -0.3047508839505906 -0.7908258036318234 0.4572585326177998 -0.26350015777348124 0.08814543686392451 
5112.0 -0.4185236579739382 -0.8831136907597839 -0.8289813095961269 -0.6408251419649238 -0.19234636453006293 -0.5426531545190361 -0.008743785592233433 
4452.0 -0.4185236579739382 -0.8831136907597839 -0.8792361700083196 0.6441381231371583 0.006480367513046259 -0.18196140150484674 -0.7129456799838507 
9740.0 0.2568436670065182 -0.7452118402479795 -0.8812839561181214 0.40238686614261043 0.3225383196182259 -0.3220329242882387 -0.26973250314966735 
336.0 0.8315596622922383 -0.5358313563967205 -0.3599756191203989 0.3854710964409156 0.7198831839891406 -0.11969977621231864 -0.7541756780678743 
8056.0 -0.44789716660872547 -0.8831136907597839 -0.3047508839505906 0.10099399818076349 0.4572585326177998 -0.514520185822755 -0.3324691469730101 
104.0 -0.6653580903545138 -0.2783394582409955 0.8889341181605097 0.9442221954203942 0.18979285663402257 -0.22021003879465018 0.03411142790053523 
8476.0 0.23969833558212894 -0.5693188704389052 -0.8289813095961269 -0.6616222622263663 -0.14964142991765184 -0.3038666970835966 -0.5400688376442133 
4920.0 -0.6122790119886434 -0.2783394582409955 -0.7603157244834269 -0.9031473843719222 0.4440784455404543 -0.07213246103155035 -0.9915833060889667 
22808.0 -0.9125662168213844 -0.7452118402479795 -0.8812839561181214 0.9442221954203942 0.7753408336677843 -0.3220329242882387 -0.26973250314966735 
4804.0 -0.7751112231511246 -0.8831136907597839 -0.8289813095961269 0.6441381231371583 -0.21954234223947622 -0.514520185822755 -0.7129456799838507 
4336.0 -0.6653580903545138 -0.8831136907597839 -0.8481082516440819 0.7895902534168575 0.7801085902321034 -0.07213246103155035 -0.4602822550664003 
4388.0 -0.6122790119886434 -0.3232360154692142 -0.7603157244834269 -0.6616222622263663 0.48746060488866183 -0.3038666970835966 -0.9915833060889667 
8684.0 -0.4185236579739382 -0.8831136907597839 -0.6117361258187297 -0.1284233291936454 0.6790793103797192 -0.26350015777348124 -0.3324691469730101 
0.0 0.8315596622922383 -0.8463158299767621 -0.4049782569243576 -0.8435904729716193 0.4572585326177998 0.9545201236618224 -0.3324691469730101 
12620.0 -0.9125662168213844 -0.8831136907597839 -0.8812839561181214 -0.8141311210089615 0.16356048124537437 -0.16125417921500151 -0.11446509239068536 
14572.0 -0.44789716660872547 -0.4687032513407281 -0.6926563320728822 -0.3237332024459718 0.3225383196182259 -0.27224716308718877 -0.3324691469730101 
6372.0 0.2568436670065182 -0.15818945237444892 -0.8812839561181214 -0.8141311210089615 0.16356048124537437 -0.3220329242882387 -0.26973250314966735 
0.0 -0.4185236579739382 -0.8831136907597839 -0.8289813095961269 0.37979906635493443 0.6816960119247923 0.3835590988460531 -0.7129456799838507 
5532.0 -0.4185236579739382 -0.8831136907597839 -0.8289813095961269 -0.7908258036318234 0.6816960119247923 -0.4350324956109315 0.09912998535827788 
3376.0 0.6633424651074253 -0.8831136907597839 -0.3599756191203989 -0.7908258036318234 0.14420544406851477 -0.4350324956109315 -0.7129456799838507 
12960.0 -0.9915135776195303 -0.8831136907597839 -0.3047508839505906 0.10099399818076349 0.7801085902321034 -0.29265842085880633 -0.11827167425812468 
0.0 -0.44789716660872547 0.40184725334758764 -0.6926563320728822 -0.7227984852562146 0.4572585326177998 -0.3220329242882387 -0.11446509239068536 
4988.0 -0.6295065226104317 -0.8831136907597839 -0.5506665173632894 0.6441381231371583 -0.14964142991765184 -0.3038666970835966 -0.3217767041269679 
28.0 -0.6122790119886434 -0.7452118402479795 -0.7603157244834269 -0.5155806477227258 0.7198831839891406 0.3772641297453929 -0.8162542160443294 
5348.0 -0.4185236579739382 -0.8831136907597839 -0.8289813095961269 0.6758307141755655 0.6816960119247923 -0.3220329242882387 -0.8162542160443294 
0.0 -0.9125662168213844 -0.6695769009266299 -0.8812839561181214 -0.3237332024459718 0.16356048124537437 0.9005927145353441 -0.7153889971542777 
8.0 0.8315596622922383 0.09282344691157673 -0.4049782569243576 -0.8435904729716193 0.4572585326177998 -0.11969977621231864 -0.3324691469730101 
8848.0 0.2568436670065182 -0.8831136907597839 -0.8289813095961269 -0.7908258036318234 0.16356048124537437 -0.42941417577975316 -0.7129456799838507 
640.0 0.8315596622922383 -0.7452118402479795 0.7002635290650301 0.2736985858873071 0.16356048124537437 -0.3832158202341802 -0.8162542160443294 
212.0 0.8315596622922383 -0.4440652078279377 0.046823019030735935 -0.7227984852562146 0.4572585326177998 -0.26350015777348124 -0.008743785592233433 
8264.0 0.14388137881294538 -0.8463158299767621 -0.8812839561181214 -0.8141311210089615 -0.33210816133811805 -0.3220329242882387 0.30961883955079395 
0.0 -0.9125662168213844 0.7192066491182219 -0.8812839561181214 -0.5155806477227258 0.7198831839891406 -0.3220329242882387 -0.8162542160443294 
20924.0 -0.44789716660872547 -0.4687032513407281 -0.6926563320728822 0.9442221954203942 0.4572585326177998 -0.27224716308718877 -0.26973250314966735 
4620.0 -0.4185236579739382 -0.8831136907597839 -0.05890293701800453 0.6441381231371583 0.16407808159820392 -0.5426531545190361 -0.7129456799838507 
2800.0 -0.4185236579739382 -0.8463158299767621 -0.8289813095961269 0.6441381231371583 -0.9377892681925553 -0.11969977621231864 -0.7129456799838507 
312.0 -0.44554717229621676 -0.4440652078279377 0.8246909310804738 0.6560989074211319 0.006480367513046259 -0.2113230078153825 -0.7541756780678743 
8.0 -0.4185236579739382 0.6210931499951937 -0.6926563320728822 -0.7227984852562146 0.4572585326177998 -0.27224716308718877 -0.7129456799838507 
3364.0 -0.44554717229621676 -0.7354904813271799 -0.9798597434031817 0.5942062271720774 -0.0008015083482080243 -0.18196140150484674 0.33478355401344695 
2848.0 -0.4185236579739382 -0.8831136907597839 -0.3047508839505906 0.10099399818076349 0.7801085902321034 -0.6850158594064879 -0.3324691469730101 
8.0 -0.5098642694476638 -0.7452118402479795 -0.8812839561181214 0.3957764183021035 0.16356048124537437 0.5110294378144224 0.010111111615076496 
1520.0 -0.4185236579739382 -0.32834886421366916 -0.3599756191203989 0.9442221954203942 0.7198831839891406 -0.5426531545190361 -0.20726811702901515 
5208.0 -0.9125662168213844 -0.7452118402479795 -0.8812839561181214 0.3156569752262266 0.4572585326177998 -0.39595249351540707 -0.910972091687674 
1156.0 0.609601265792197 -0.8938193976398574 -0.3599756191203989 0.9442221954203942 0.6816960119247923 -0.27224716308718877 0.08814543686392451 
3560.0 -0.8330534057009902 -0.4440652078279377 -0.5506665173632894 -0.8141311210089615 -0.11274740474466083 -0.3038666970835966 -0.20995431537643605 
6836.0 0.2568436670065182 -0.7452118402479795 -0.5506665173632894 -0.20189108286704616 0.16356048124537437 -0.26350015777348124 -0.26973250314966735 
6636.0 -0.9915135776195303 -0.49812272666888524 -0.8812839561181214 -0.8141311210089615 0.16356048124537437 -0.3220329242882387 -0.26973250314966735 
13912.0 0.23969833558212894 -0.5693188704389052 -0.8289813095961269 -0.7908258036318234 0.04885562193235371 -0.3038666970835966 -0.3217767041269679 
2852.0 -0.9125662168213844 -0.2783394582409955 -0.8812839561181214 0.7895902534168575 0.16407808159820392 -0.45045062753227727 -0.11446509239068536 
5628.0 -0.4185236579739382 -0.8831136907597839 -0.3206763453737078 0.9864515308599653 0.7801085902321034 -0.514520185822755 -0.7129456799838507 
1396.0 0.3115035688986221 -0.8463158299767621 -0.8812839561181214 -0.8141311210089615 0.7801085902321034 -0.3220329242882387 -0.3324691469730101 
0.0 -0.9125662168213844 -0.9314516951901022 -0.8289813095961269 -0.8141311210089615 0.16356048124537437 0.9709296441185178 -0.7129456799838507 
0.0 0.8315596622922383 0.9281239965325638 -0.7383970753904125 -0.6408251419649238 0.7198831839891406 -0.27224716308718877 -0.008743785592233433 
8072.0 0.2568436670065182 -0.7452118402479795 -0.9557505719322266 0.9442221954203942 -0.219375497205748 -0.3220329242882387 0.30961883955079395 
4316.0 0.538377536102824 -0.6695769009266299 -0.7383970753904125 -0.6408251419649238 0.3225383196182259 -0.5426531545190361 -0.8162542160443294 
1296.0 0.2568436670065182 -0.7452118402479795 -0.3599756191203989 -0.8948188956527603 0.7198831839891406 -0.22021003879465018 -0.20726811702901515 
3692.0 -0.9730988019518978 -0.7452118402479795 -0.9883724430844878 0.9442221954203942 0.7198831839891406 -0.3220329242882387 -0.8162542160443294 
2752.0 -0.6604409980116825 -0.7881350802955283 -0.6926563320728822 0.18777346600809497 -0.33210816133811805 -0.27224716308718877 0.30961883955079395 
1816.0 -0.5467998354475372 -0.6695769009266299 -0.8812839561181214 -0.8435904729716193 0.3225383196182259 -0.11969977621231864 -0.7985770073836778 
14408.0 -0.891920012174048 -0.4687032513407281 -0.7383970753904125 -0.7227984852562146 0.4572585326177998 -0.27224716308718877 -0.008743785592233433 
6068.0 -0.4185236579739382 -0.8831136907597839 -0.8289813095961269 0.6441381231371583 0.3225383196182259 -0.5426531545190361 0.152414660614967 
5456.0 -0.9125662168213844 -0.9314516951901022 -0.5506665173632894 0.3572798958435057 -0.48636489960192564 -0.39595249351540707 -0.3217767041269679 
13940.0 -0.7992964956313895 -0.7452118402479795 -0.8812839561181214 -0.6616222622263663 -0.14964142991765184 -0.13290125216516335 0.010111111615076496 
5672.0 -0.44789716660872547 -0.6033966274010354 -0.8289813095961269 -0.7227984852562146 0.14420544406851477 -0.4350324956109315 -0.7129456799838507 
3004.0 -0.6653580903545138 -0.8831136907597839 -0.9056614515358394 0.7895902534168575 0.18979285663402257 -0.07213246103155035 -0.7129456799838507 
6928.0 -0.44789716660872547 -0.04325904286471505 -0.6926563320728822 -0.7227984852562146 0.4572585326177998 -0.26350015777348124 -0.3324691469730101 
32.0 -0.9006546880556336 -0.5358313563967205 -0.3599756191203989 0.9442221954203942 0.7801085902321034 0.6181612093794993 -0.7129456799838507 
14300.0 -0.6122790119886434 -0.709911103462135 -0.8812839561181214 -0.6542282017528478 0.4440784455404543 -0.3114995930736302 -0.11446509239068536 
18356.0 -0.4185236579739382 -0.8831136907597839 -0.8289813095961269 -0.748355442398773 0.14420544406851477 -0.4350324956109315 -0.3324691469730101 
0.0 -0.9125662168213844 0.34764915541891295 -0.8812839561181214 -0.8141311210089615 0.7801085902321034 -0.514520185822755 -0.11446509239068536 
5672.0 -0.7144142464842396 -0.40552491032987303 -0.7603157244834269 0.5942062271720774 0.025153521027292625 -0.19955894584742673 -0.3324691469730101 
1056.0 0.2568436670065182 -0.5358313563967205 -0.3599756191203989 0.9442221954203942 0.7198831839891406 -0.2693098519577224 -0.20726811702901515 
8860.0 -0.4185236579739382 -0.8831136907597839 -0.3455414848717375 -0.7908258036318234 0.6816960119247923 -0.42941417577975316 -0.7129456799838507 
3800.0 -0.3786980964537947 -0.2783394582409955 -0.8481082516440819 0.7895902534168575 0.4572585326177998 -0.514520185822755 0.03411142790053523 
2020.0 -0.4185236579739382 -0.7452118402479795 -0.8289813095961269 -0.7908258036318234 0.16356048124537437 -0.1773768323073246 -0.7129456799838507 
4760.0 -0.4185236579739382 -0.8831136907597839 -0.8289813095961269 0.9197367529616929 0.4572585326177998 -0.26350015777348124 -0.9892507529915986 
320.0 -0.4185236579739382 -0.5693188704389052 0.8649638856385689 -0.6616222622263663 0.9170050124388327 -0.6305532519342483 -0.5842122698721459 
6612.0 0.3314601022233725 -0.8831136907597839 -0.8371032278914858 0.6137589497535008 0.11549590645906349 -0.5426531545190361 -0.6089763203384153 
5356.0 -0.3858675153422537 -0.8831136907597839 -0.36974587853098373 -0.6616222622263663 0.4572585326177998 -0.514520185822755 -0.3324691469730101 
4740.0 -0.4185236579739382 -0.5693188704389052 -0.8289813095961269 -0.7908258036318234 -0.14964142991765184 -0.42941417577975316 0.08814543686392451 
3072.0 -0.4185236579739382 -0.8831136907597839 -0.8289813095961269 -0.3124418239502764 0.3225383196182259 -0.5426531545190361 -0.7129456799838507 
192.0 -0.4185236579739382 -0.8831136907597839 -0.8289813095961269 -0.7908258036318234 0.6816960119247923 -0.42941417577975316 0.8789486541920126 
12360.0 -0.5098642694476638 -0.7452118402479795 -0.3599756191203989 0.9442221954203942 0.7700385189795849 -0.27224716308718877 -0.26973250314966735 
5092.0 -0.20969858112450424 -0.8463158299767621 -0.4049782569243576 0.6441381231371583 0.7801085902321034 -0.514520185822755 -0.7129456799838507 
2816.0 -0.6122790119886434 -0.709911103462135 -0.8812839561181214 0.47139513855734294 0.4440784455404543 -0.9291335166505035 -0.26973250314966735 
0.0 0.2568436670065182 0.39230603625893634 -0.8812839561181214 -0.3237332024459718 0.3225383196182259 -0.5426531545190361 -0.8162542160443294 
892.0 -0.9125662168213844 -0.7452118402479795 0.9705869828255045 -0.7908258036318234 0.7198831839891406 -0.3220329242882387 -0.7129456799838507 
8.0 -0.9006546880556336 0.5536583505240147 -0.8289813095961269 0.9442221954203942 0.7198831839891406 -0.22021003879465018 -0.5672612546795264 
3052.0 -0.4185236579739382 -0.8831136907597839 -0.8289813095961269 -0.7908258036318234 0.7801085902321034 -0.8992729977417326 -0.7129456799838507 
2576.0 -0.5467998354475372 -0.8463158299767621 -0.4049782569243576 -0.8435904729716193 -0.7246122730848956 -0.11969977621231864 -0.8162542160443294 
4020.0 -0.6122790119886434 -0.709911103462135 -0.8289813095961269 0.47139513855734294 0.6011735219741847 -0.4350324956109315 -0.7541756780678743 
3188.0 -0.5098642694476638 -0.6695769009266299 0.04626260643184543 0.3854710964409156 0.7198831839891406 -0.2113230078153825 -0.7541756780678743 
2476.0 -0.9125662168213844 -0.8987051506599475 -0.8812839561181214 -0.8141311210089615 -0.8473820860638579 -0.41632802943045255 -0.8162542160443294 
9788.0 -0.9125662168213844 -0.9314516951901022 -0.6883654427907637 0.6441381231371583 0.7801085902321034 -0.3220329242882387 -0.11446509239068536 
17924.0 -0.44789716660872547 -0.7452118402479795 -0.8812839561181214 0.07836785199268825 0.4572585326177998 -0.27224716308718877 -0.3324691469730101 
40.0 -0.44789716660872547 -0.4687032513407281 -0.8289813095961269 -0.7227984852562146 0.4572585326177998 -0.27224716308718877 0.8436282990217474 
1248.0 0.8315596622922383 -0.8938193976398574 -0.3599756191203989 0.9442221954203942 0.7198831839891406 -0.27224716308718877 -0.008743785592233433 
0.0 0.8315596622922383 0.6058538869883823 -0.7383970753904125 0.7895902534168575 -0.8473820860638579 -0.7490253864631644 -0.008743785592233433 
1596.0 0.2568436670065182 -0.8463158299767621 -0.8812839561181214 -0.8141311210089615 0.16356048124537437 -0.8649891364111626 0.6335103506957993 
1176.0 -0.44789716660872547 -0.6695769009266299 0.6056900068785716 -0.3237332024459718 0.4572585326177998 -0.5426531545190361 -0.8162542160443294 
8180.0 -0.5098642694476638 -0.4440652078279377 -0.5506665173632894 0.9442221954203942 0.5671119636179869 -0.27224716308718877 -0.26973250314966735 
2244.0 0.8315596622922383 -0.8463158299767621 -0.4049782569243576 -0.8435904729716193 -0.9430641398439621 -0.514520185822755 -0.7129456799838507 
6740.0 0.9408112373949336 -0.7452118402479795 -0.7383970753904125 0.9442221954203942 -0.8473820860638579 -0.3220329242882387 -0.26973250314966735 
13708.0 -0.4185236579739382 -0.9904103445763743 -0.8289813095961269 -0.3237332024459718 0.3225383196182259 -0.5426531545190361 -0.8162542160443294 
5296.0 -0.4185236579739382 -0.8831136907597839 -0.8289813095961269 -0.3237332024459718 0.3225383196182259 -0.4350324956109315 0.3712170202584888 
3344.0 -0.44789716660872547 -0.9577891312899889 -0.3047508839505906 0.6278226802057096 -0.14964142991765184 -0.5781642878469009 -0.3324691469730101 
492.0 -0.5098642694476638 -0.7452118402479795 0.941632433398381 0.9442221954203942 0.16356048124537437 -0.3220329242882387 -0.26973250314966735 
4120.0 0.5837463520928903 -0.7452118402479795 -0.8289813095961269 0.9442221954203942 0.16356048124537437 -0.3220329242882387 -0.26973250314966735 
772.0 -0.44789716660872547 0.06679648134427763 -0.3047508839505906 0.6278226802057096 0.11549590645906349 -0.3114995930736302 -0.3324691469730101 
408.0 0.2568436670065182 -0.7452118402479795 0.8509762897376907 0.9442221954203942 0.7801085902321034 -0.514520185822755 -0.26973250314966735 
4476.0 0.8315596622922383 -0.8987051506599475 -0.8371032278914858 -0.6408251419649238 -0.8473820860638579 -0.554295273313008 -0.7129456799838507 
2044.0 -0.9969832672591641 -0.8232310042361681 -0.8371032278914858 -0.4271611151149368 0.11549590645906349 -0.8982569039730288 0.152414660614967 
2576.0 -0.4185236579739382 -0.8831136907597839 -0.8812839561181214 -0.8141311210089615 0.16356048124537437 -0.8894034708429535 -0.9865659812333814 
3776.0 0.7966052901700729 -0.6695769009266299 -0.8812839561181214 -0.3237332024459718 0.3225383196182259 -0.5426531545190361 -0.8162542160443294 
24.0 -0.9006546880556336 -0.4440652078279377 -0.5506665173632894 0.9442221954203942 0.7198831839891406 0.09367268325119271 -0.20726811702901515 
3108.0 -0.44789716660872547 -0.3319525107919763 -0.3599756191203989 0.9442221954203942 0.7198831839891406 -0.22021003879465018 -0.3324691469730101 
2508.0 0.14388137881294538 -0.8463158299767621 -0.8812839561181214 0.32580957519902976 0.16356048124537437 -0.3220329242882387 0.6335103506957993 
16.0 0.23969833558212894 0.7530878636476666 -0.7603157244834269 -0.6616222622263663 0.4440784455404543 -0.3038666970835966 -0.3217767041269679 
16384.0 -0.4185236579739382 -0.8831136907597839 -0.8289813095961269 -0.5756743986865405 0.7198831839891406 -0.4350324956109315 -0.26973250314966735 
4804.0 -0.4185236579739382 -0.7452118402479795 -0.9123185498485507 -0.8141311210089615 0.64553314557464 -0.662867622053906 -0.3324691469730101 
1856.0 -0.38195788100824024 -0.5889042946102205 -0.8289813095961269 -0.021821473101268474 0.6816960119247923 -0.12826330059016722 0.152414660614967 
6616.0 -0.4185236579739382 -0.8987051506599475 -0.7383970753904125 0.6441381231371583 -0.8473820860638579 -0.11969977621231864 -0.008743785592233433 
3328.0 0.8315596622922383 -0.8831136907597839 -0.6117361258187297 -0.6408251419649238 -0.8473820860638579 -0.4788907681591932 -0.008743785592233433 
56.0 -0.44789716660872547 -0.4687032513407281 -0.6926563320728822 -0.7227984852562146 0.18979285663402257 -0.07213246103155035 0.8409426688782364 
7164.0 -0.7751112231511246 -0.8831136907597839 -0.8289813095961269 0.01891623776271989 0.7801085902321034 -0.514520185822755 -0.9892507529915986 
3920.0 0.2568436670065182 -0.7452118402479795 -0.7603157244834269 0.5942062271720774 0.4440784455404543 -0.516101657276766 -0.9915833060889667 
5784.0 -0.4185236579739382 -0.6679441755506643 -0.8289813095961269 -0.1284233291936454 0.9341930213163132 -0.6305532519342483 -0.5842122698721459 
2080.0 0.7306466880403073 -0.9314516951901022 -0.9820484146303639 0.6711004815345465 -0.11623913061227831 -0.09575187781946082 -0.11446509239068536 
6076.0 -0.4185236579739382 -0.8831136907597839 -0.3206763453737078 -0.7908258036318234 0.14420544406851477 -0.4350324956109315 0.12304098334618008 
7804.0 -0.9915135776195303 -0.7452118402479795 -0.8812839561181214 -0.6408251419649238 0.16356048124537437 -0.3220329242882387 -0.008743785592233433 
4288.0 -0.05522832514708842 -0.5693188704389052 -0.5506665173632894 -0.7227984852562146 0.4572585326177998 -0.3038666970835966 -0.3217767041269679 
6892.0 0.2568436670065182 -0.2783394582409955 -0.8812839561181214 0.9442221954203942 -0.11623913061227831 -0.3220329242882387 -0.26973250314966735 
2736.0 -0.9125662168213844 -0.7452118402479795 -0.8812839561181214 0.3957764183021035 -0.8473820860638579 -0.11969977621231864 0.010111111615076496 
1672.0 -0.4185236579739382 -0.8831136907597839 -0.8289813095961269 0.8422175373701015 0.7801085902321034 -0.9543257915927983 0.152414660614967 
3388.0 -0.4185236579739382 -0.4687032513407281 -0.6926563320728822 -0.16465851095349993 0.4572585326177998 -0.6305532519342483 -0.3324691469730101 
8.0 -0.38195788100824024 -0.5889042946102205 -0.27892916549904334 -0.1284233291936454 0.9170050124388327 0.7399740004776014 0.152414660614967 
3832.0 -0.4185236579739382 -0.8831136907597839 -0.8289813095961269 -0.1284233291936454 0.2692095570446562 -0.514520185822755 -0.9542515075778477 
1016.0 -0.7751112231511246 -0.2783394582409955 -0.3206763453737078 0.6441381231371583 0.7801085902321034 -0.514520185822755 -0.8080450016960978 
3048.0 -0.4185236579739382 -0.8831136907597839 -0.8289813095961269 -0.7908258036318234 0.4572585326177998 -0.9489531153982715 -0.3324691469730101 
4580.0 -0.4576022810707763 -0.8831136907597839 -0.36974587853098373 -0.7908258036318234 0.14420544406851477 -0.514520185822755 -0.3324691469730101 
8704.0 -0.4185236579739382 -0.8831136907597839 -0.7383970753904125 -0.6408251419649238 0.14420544406851477 -0.4350324956109315 -0.8054494206790401 
0.0 0.2568436670065182 0.47288270897973317 -0.8812839561181214 0.9442221954203942 -0.8473820860638579 -0.3220329242882387 -0.26973250314966735 
3868.0 0.2568436670065182 -0.275533571369041 -0.8289813095961269 0.9442221954203942 0.16356048124537437 -0.3220329242882387 -0.7129456799838507 
3044.0 0.29874769110116906 -0.7354904813271799 -0.6926563320728822 -0.4271611151149368 -0.0008015083482080243 -0.22021003879465018 0.5044255791162058 
1260.0 -0.5098642694476638 -0.8987051506599475 0.7398756209109381 -0.3237332024459718 0.3225383196182259 -0.5426531545190361 -0.8162542160443294 
1844.0 0.0035155206231216596 -0.5358313563967205 -0.5506665173632894 -0.7227984852562146 0.7198831839891406 -0.22021003879465018 -0.20726811702901515 
1804.0 -0.38195788100824024 -0.9868161271459928 -0.27892916549904334 0.8422175373701015 -0.8473820860638579 -0.11969977621231864 0.152414660614967 
24196.0 -0.44789716660872547 -0.7452118402479795 -0.8812839561181214 0.3957764183021035 0.16356048124537437 -0.35227671436398755 0.010111111615076496 
6736.0 -0.9125662168213844 -0.7452118402479795 -0.8812839561181214 -0.38946096549713616 0.16356048124537437 -0.13290125216516335 0.33478355401344695 
2596.0 0.3174696782601163 -0.7452118402479795 -0.8812839561181214 -0.5155806477227258 0.7198831839891406 -0.3220329242882387 -0.8162542160443294 
4260.0 -0.5098642694476638 -0.2783394582409955 -0.3599756191203989 0.9442221954203942 0.3318414828245435 -0.07213246103155035 -0.26973250314966735 
496.0 -0.9125662168213844 -0.7452118402479795 0.7564228339165318 0.3957764183021035 0.16356048124537437 -0.13290125216516335 -0.11446509239068536 
1908.0 0.4350479707292636 -0.4440652078279377 -0.5506665173632894 0.18777346600809497 -0.33210816133811805 -0.3038666970835966 0.30961883955079395 
0.0 0.22753061053189927 -0.3232360154692142 -0.7603157244834269 0.5942062271720774 0.14420544406851477 0.5969227755718622 -0.9915833060889667 
5208.0 -0.9125662168213844 -0.7881350802955283 -0.7383970753904125 -0.6408251419649238 -0.427768712354325 -0.11969977621231864 -0.008743785592233433 
5208.0 -0.4185236579739382 -0.8831136907597839 0.29321625595441714 0.6441381231371583 0.6816960119247923 -0.42941417577975316 -0.7129456799838507 
3668.0 -0.6653580903545138 -0.7682679112642141 -0.3206763453737078 0.6441381231371583 0.10688643987304047 -0.514520185822755 -0.7129456799838507 
2952.0 -0.44789716660872547 -0.9577891312899889 -0.3047508839505906 0.6441381231371583 0.11380231470787772 -0.26350015777348124 -0.7129456799838507 
16.0 -0.4185236579739382 -0.8831136907597839 -0.6117361258187297 0.6441381231371583 0.9170050124388327 0.3616578158968935 -0.7129456799838507 
6044.0 -0.44789716660872547 -0.5358313563967205 -0.3599756191203989 0.9442221954203942 0.7198831839891406 -0.22021003879465018 -0.3324691469730101 
4964.0 0.14388137881294538 -0.8831136907597839 -0.8289813095961269 -0.8141311210089615 0.543542984814773 -0.3832158202341802 -0.5672612546795264 
3844.0 -0.6653580903545138 -0.8831136907597839 -0.8289813095961269 0.7895902534168575 -0.942461139701712 -0.07213246103155035 0.03411142790053523 
3664.0 0.2568436670065182 -0.7452118402479795 -0.7383970753904125 0.9442221954203942 -0.27989305931485675 -0.11969977621231864 -0.26973250314966735 
3480.0 -0.9125662168213844 -0.8132535074705989 -0.8812839561181214 -0.5155806477227258 0.4572585326177998 -0.7577172105210552 -0.8162542160443294 
1948.0 0.14388137881294538 -0.8463158299767621 -0.8812839561181214 -0.8141311210089615 0.16356048124537437 -0.11969977621231864 0.37437768148818207 
15028.0 0.32259959318924913 -0.9314516951901022 -0.8812839561181214 -0.8141311210089615 0.16356048124537437 -0.3220329242882387 -0.11446509239068536 
2928.0 -0.8425849278611219 -0.4440652078279377 -0.5506665173632894 -0.7908258036318234 0.4572585326177998 -0.26350015777348124 -0.7129456799838507 
2208.0 -0.4185236579739382 -0.9645638080569483 -0.8289813095961269 -0.7908258036318234 0.006480367513046259 -0.4350324956109315 0.9846383558497387 
52.0 -0.9125662168213844 -0.7452118402479795 -0.8812839561181214 -0.8141311210089615 0.16356048124537437 0.44939836838362357 -0.7153889971542777 
6588.0 -0.9125662168213844 -0.4440652078279377 -0.8812839561181214 -0.8141311210089615 0.16356048124537437 -0.3220329242882387 -0.3324691469730101 
1844.0 -0.4185236579739382 -0.8831136907597839 -0.8289813095961269 0.3957764183021035 0.7801085902321034 -0.13290125216516335 0.2222388241306863 
3220.0 0.23969833558212894 -0.5693188704389052 -0.2515002146006804 0.9197367529616929 -0.14964142991765184 -0.3038666970835966 -0.9892507529915986 
1612.0 0.2147058817716594 -0.8831136907597839 -0.8289813095961269 -0.7908258036318234 0.6816960119247923 -0.11969977621231864 -0.008743785592233433 
4860.0 -0.6653580903545138 -0.2783394582409955 -0.3047508839505906 0.6278226802057096 0.4550667282934364 -0.07213246103155035 0.03411142790053523 
2960.0 -0.4185236579739382 -0.5693188704389052 -0.8289813095961269 -0.6616222622263663 0.14420544406851477 -0.4350324956109315 -0.7129456799838507 
4372.0 0.14388137881294538 -0.7452118402479795 -0.8812839561181214 -0.8141311210089615 0.16356048124537437 -0.3220329242882387 0.6335103506957993 
2120.0 0.7753109251869357 -0.8831136907597839 -0.6926563320728822 -0.7908258036318234 0.6816960119247923 -0.42941417577975316 -0.48015752113747134 
5720.0 -0.9125662168213844 -0.4687032513407281 -0.6926563320728822 0.3248445684029875 0.16356048124537437 -0.27224716308718877 -0.3324691469730101 
244.0 -0.44789716660872547 -0.4687032513407281 0.9348601677619774 -0.7227984852562146 0.4572585326177998 -0.27224716308718877 -0.3324691469730101 
1072.0 -0.9125662168213844 -0.9314516951901022 0.3316749890933419 -0.8141311210089615 0.006480367513046259 -0.3220329242882387 0.33478355401344695 
2364.0 0.449893393162232 -0.8831136907597839 -0.36974587853098373 -0.7227984852562146 0.4572585326177998 -0.26350015777348124 -0.3324691469730101 
3144.0 -0.3442998145463758 -0.8987051506599475 -0.8371032278914858 -0.9472215587695807 0.7801085902321034 -0.514520185822755 -0.7129456799838507 
3672.0 -0.4185236579739382 -0.434982447169576 -0.8289813095961269 0.18644542931158226 0.7801085902321034 -0.5426531545190361 -0.027428981476539382 
3168.0 -0.6653580903545138 -0.5358313563967205 -0.3599756191203989 0.37979906635493443 0.18979285663402257 -0.514520185822755 -0.7129456799838507 
9800.0 -0.4185236579739382 -0.4687032513407281 -0.6926563320728822 -0.219181175529632 0.4572585326177998 -0.4350324956109315 -0.3324691469730101 
5332.0 0.23969833558212894 -0.8463158299767621 -0.5506665173632894 -0.6616222622263663 -0.14964142991765184 -0.11969977621231864 -0.20324138550222526 
3020.0 0.3314601022233725 -0.8232310042361681 -0.5506665173632894 -0.6616222622263663 0.11549590645906349 -0.7352553489455396 -0.6089763203384153 
9956.0 -0.44789716660872547 -0.8831136907597839 -0.6904998225401593 -0.7908258036318234 0.7801085902321034 -0.42941417577975316 0.08814543686392451 
4312.0 -0.9125662168213844 -0.7452118402479795 -0.8812839561181214 0.6278226802057096 -0.3394734407527833 -0.3220329242882387 -0.8162542160443294 
5948.0 -0.9125662168213844 -0.7881350802955283 -0.8812839561181214 -0.7908258036318234 0.14420544406851477 -0.3220329242882387 0.30961883955079395 
12824.0 -0.9915135776195303 -0.8831136907597839 -0.8289813095961269 -0.7908258036318234 0.16356048124537437 -0.3584882426186218 -0.7129456799838507 
0.0 -0.4185236579739382 -0.9645638080569483 -0.8371032278914858 -0.7908258036318234 0.006480367513046259 0.6734588128483445 0.33478355401344695 
2880.0 -0.4185236579739382 -0.8831136907597839 -0.3047508839505906 0.6278226802057096 0.7801085902321034 -0.514520185822755 -0.5872220740368859 
7392.0 -0.4185236579739382 -0.8831136907597839 -0.5506665173632894 -0.6616222622263663 0.7801085902321034 -0.5426531545190361 -0.7129456799838507 
680.0 -0.9915135776195303 0.04626075453274625 -0.8812839561181214 -0.8141311210089615 0.7801085902321034 -0.514520185822755 -0.11827167425812468 
3088.0 -0.4185236579739382 -0.8463158299767621 -0.8289813095961269 0.9197367529616929 0.8323765377455106 -0.514520185822755 -0.9892507529915986 
8.0 -0.9125662168213844 0.45307815140687335 -0.8802158571169936 -0.8141311210089615 0.4440784455404543 -0.3220329242882387 -0.11446509239068536 
3432.0 -0.9125662168213844 -0.7452118402479795 -0.8812839561181214 -0.8141311210089615 0.16356048124537437 -0.39595249351540707 -0.910972091687674 
1812.0 -0.9125662168213844 -0.2743569741547405 -0.36974587853098373 -0.7908258036318234 0.4572585326177998 -0.514520185822755 -0.3324691469730101 
120.0 -0.44789716660872547 -0.5889042946102205 -0.3047508839505906 0.6278226802057096 0.3225383196182259 -0.26350015777348124 0.8363525198204871 
1964.0 0.811842970356697 -0.8831136907597839 -0.3599756191203989 -0.7908258036318234 0.14420544406851477 -0.4350324956109315 -0.20726811702901515 
3532.0 -0.5467998354475372 -0.6695769009266299 -0.3599756191203989 -0.04274516252930538 0.7198831839891406 -0.5426531545190361 -0.8162542160443294 
548.0 -0.4185236579739382 -0.5358313563967205 0.5612163046763288 -0.8141311210089615 -0.06076943586553063 -0.514520185822755 -0.7129456799838507 
8724.0 -0.4185236579739382 -0.8831136907597839 -0.8289813095961269 -0.7908258036318234 0.14420544406851477 -0.4350324956109315 -0.7129456799838507 
3496.0 -0.44789716660872547 -0.8987051506599475 -0.7383970753904125 -0.7227984852562146 -0.9265709417992565 -0.27224716308718877 -0.3324691469730101 
8.0 -0.5467998354475372 -0.6695769009266299 -0.8812839561181214 -0.3237332024459718 0.7198831839891406 0.9869516749490319 -0.8162542160443294 
7608.0 -0.6122790119886434 -0.8831136907597839 -0.7603157244834269 -0.1284233291936454 0.4440784455404543 -0.3114995930736302 -0.7541756780678743 
1384.0 -0.9125662168213844 0.1761048635060234 -0.8812839561181214 0.9442221954203942 0.16356048124537437 -0.3220329242882387 -0.26973250314966735 
5368.0 -0.5098642694476638 -0.45286199067024024 -0.3599756191203989 0.9442221954203942 0.7198831839891406 -0.26350015777348124 -0.26973250314966735 
8316.0 -0.4185236579739382 -0.8831136907597839 -0.8289813095961269 0.6441381231371583 0.7801085902321034 -0.5426531545190361 -0.7129456799838507 
5744.0 -0.9006546880556336 -0.5358313563967205 -0.3599756191203989 -0.8141311210089615 0.2621535472495806 -0.22021003879465018 -0.20726811702901515 
2292.0 -0.9125662168213844 -0.7452118402479795 -0.8812839561181214 -0.8141311210089615 0.16356048124537437 -0.8834256722182625 -0.11446509239068536 
132.0 -0.4185236579739382 0.06663199630882666 -0.8289813095961269 -0.7908258036318234 0.4572585326177998 -0.26350015777348124 -0.7129456799838507 
504.0 -0.4185236579739382 -0.8831136907597839 0.9711925082760013 -0.7908258036318234 0.4572585326177998 -0.6305532519342483 -0.3324691469730101 
860.0 -0.9125662168213844 -0.8831136907597839 0.8091971067182155 0.6441381231371583 0.16356048124537437 -0.3220329242882387 -0.11446509239068536 
7652.0 -0.6122790119886434 -0.8831136907597839 -0.7603157244834269 0.030951019945415714 0.14420544406851477 -0.3832158202341802 -0.7541756780678743 
1388.0 -0.38195788100824024 -0.5889042946102205 -0.27892916549904334 0.8422175373701015 -0.8473820860638579 -0.11969977621231864 0.152414660614967 
