0.0 -0.838844141725297 0.24598094579838858 -0.2148863935804619 -0.8737199983417849 0.3892194730112264 
0.0 0.4488771081138718 0.817447667221332 0.5944819094263867 0.4873589980553801 0.14675179351170575 
608.0 -0.2935927767933151 -0.05941733252819703 0.008791592366656609 0.5388041310250735 -0.8340251669509684 
0.0 -0.48246019063775214 0.5778020202842544 -0.8294959798463835 0.2612349175994273 0.07461464829024012 
80.0 0.44201513538982806 -0.5725245643684522 0.881989595103885 0.011556318941198018 -0.24871172640794303 
1080.0 -0.5609132553395924 -0.960131524219134 -0.3248436569352722 -0.8268669767939623 -0.06022198721005734 
0.0 0.2062026249540807 0.41982828785467796 -0.9717544141501298 0.4508321686667789 0.8239134142337112 
2120.0 -0.27469460040577 -0.8003087784822087 -0.6909267449227312 0.9043247409456188 -0.6734383809078532 
0.0 -0.4713059129852575 0.9948580918103869 0.8203780107861116 0.0853768557276231 0.6852299314194785 
24.0 -0.3118439189837996 -0.0867835550906535 0.6667807638324366 0.34040967880391504 -0.635208259199207 
124.0 0.930171547122052 -0.9721337398432326 0.12222386919709005 0.678607572452274 0.7535142628281188 
1284.0 -0.34613073622307033 -0.2118689051009257 -0.8581429566217762 0.6336073585596695 -0.24700108946996835 
668.0 -0.9394933298669539 -0.9614080132462828 0.881510779996038 0.8199287911569315 -0.9819336503169105 
216.0 0.5782310176438079 -0.7911238611265614 -0.4595001827526499 0.6785930729300083 0.7102261743014573 
0.0 0.6302037076111651 0.4596223504483328 -0.6162968718440447 0.4581983171565829 -0.24861103051084865 
664.0 -0.4186215355412142 -0.07542702192559858 -0.8443622016831969 0.9386781522945036 0.01938159617596935 
24.0 0.5171331718922918 -0.3214016584689272 0.8342966641204796 -0.6030191819499768 0.6764010629701624 
0.0 0.4344917584095205 0.8592521458571751 -0.7022754796679189 0.3055290106116595 -0.9348790793739343 
0.0 0.7948994046308715 0.1578855277044875 -0.1694829216507625 0.9104296410741883 0.32278674163895604 
832.0 -0.48837833917717677 -0.3953903350701722 -0.37944865844801945 0.8498465966361841 0.09130984177154211 
0.0 -0.375568415720412 0.8580341590227807 -0.37464866721538126 -0.9304663524012073 0.24627400215844975 
8.0 -0.3533269873321083 0.26107030715607316 0.6192370567318495 -0.7372511035866505 -0.6496724600461699 
0.0 0.5435549880877593 0.2176540557903801 -0.3167811533934144 -0.9756840583622035 -0.05325736774971701 
0.0 0.19258440667549848 0.8007903623793202 -0.038846942269755935 -0.36036579825661996 0.2554655403571775 
0.0 0.5545138931526725 0.39895015768438635 0.7282376583227823 -0.09520953286398592 0.28439916682827726 
0.0 0.09346845850936236 0.11393366084639567 0.4682608430174511 0.5549446849171171 0.3751000505820754 
0.0 0.13709037619120235 0.21339115356363192 -0.9720277970614555 -0.30304047310940163 -0.5460794352622391 
0.0 0.4090306397473429 0.3492502258630126 -0.04441531455636927 -0.13337395464221435 0.1552903138798254 
24.0 0.560712376060172 0.15566831705887196 -0.5853329327902204 -0.7342482824754515 0.7832559862138968 
8.0 0.7633860384084916 -0.194295180301006 0.5914158763638167 0.4658070533830545 0.8298654143926505 
56.0 0.7519034022946571 -0.8253027438276577 0.9789210294644384 0.4999805833905062 0.6185193997527894 
856.0 -0.24669795614176726 -0.911927283597604 0.6046296050793596 0.020513694639947788 0.2462244825835298 
1308.0 -0.43420113465393495 -0.7626087241642607 -0.12815125605901434 -0.842987140578914 -0.9488379874441042 
280.0 0.6557779298337814 -0.7323365835762874 -0.7031733861684466 0.6560674240614435 0.05515722203550344 
108.0 0.3578850719110813 -0.779596146436631 0.5071747728457017 0.07335822358909816 0.6641717341793549 
428.0 -0.7687276944149302 -0.6187897519808192 0.5699614361293797 -0.5637508024743068 -0.698958940333418 
520.0 0.8590438241508949 -0.7441202502274746 0.09552474292899604 -0.010236121626141959 -0.5866838981104894 
0.0 0.7817808266169084 0.5496126654985751 0.12073545344386494 0.6084832155810191 0.31321211413411776 
0.0 0.010201795635883748 0.9801509614919246 -0.8095338742071019 0.790988075110088 -0.19135605982402737 
0.0 0.5167000118415792 0.38312692794906855 -0.18260051189828497 0.6610725551105365 -0.9956257121105765 
24.0 0.20861795004678063 0.1724362731118949 -0.6109635356982988 0.6508926856345074 -0.8555377731809732 
92.0 0.7187188104262869 -0.8557284667312193 -0.0853427758169587 -0.04279482738966278 0.4819861394468088 
0.0 0.29929792942530997 0.7451831630045884 -0.10366466794045603 -0.4204571651896831 0.6039230017771373 
0.0 -0.07354626572202028 0.727702436122744 0.4760570861272928 0.905029300715706 0.8043701510430568 
0.0 -0.9815324193871626 -0.05622652414858753 0.6629007740775612 -0.28934776952650854 -0.7863363133557706 
80.0 0.1734877753434234 -0.43935225879803363 0.9836741912544247 0.45000625002513783 0.21464738973735953 
1408.0 -0.160130114552953 -0.961965807797095 0.03838543927953153 0.15912088996281737 -0.4865622253072157 
0.0 0.6217705170302226 0.5111294618255351 -0.5107461458215055 -0.44746043372771904 0.40999109873148787 
0.0 -0.7073347642755112 0.4948896015434159 0.2728877805243619 0.23733260409949541 0.19532267777462375 
0.0 -0.7630804167645882 0.908244304607638 0.026810717448811028 -0.29890031072877843 0.42540466990713166 
224.0 0.3009672458180239 -0.4643993995399618 -0.4324372390589508 0.8195608077835614 -0.2079725782855657 
0.0 -0.8564945570407627 -0.13851353204961026 0.6631782515488438 0.8909314907931081 0.7718650278994941 
372.0 0.8170852732959926 -0.6025840042295072 -0.9963533988400279 -0.39118629748679146 -0.16469844005055734 
1372.0 0.06127363622115101 -0.9385556946971778 0.07898013605591392 0.5946200813501092 -0.14225405093036692 
0.0 0.7271377743024439 0.7853041738363356 -0.895188760586163 -0.1456878017609884 0.34114733817788445 
352.0 -0.7927634300003013 -0.6321932149708585 0.00546941537625556 0.5637895344800203 0.7979816361258216 
848.0 -0.9178025175610356 -0.19361063215144236 -0.6299712172067224 -0.24548229148474965 0.5062357062752203 
1608.0 0.7268636483014446 -0.9220076154516084 -0.9799323697908402 -0.5764856081454348 -0.7962039308185058 
48.0 0.028842204063316057 -0.38285121443177883 0.8382343337463425 0.2468990054404272 -0.2192163530062643 
88.0 0.3040650602729438 -0.7143249925157515 0.0320822944030803 0.019000107884597384 0.8789838447719023 
0.0 0.8820412383133951 0.36770852514577546 -0.17945360631991036 -0.3021217466283168 0.5221152817287344 
612.0 -0.8385249547258462 -0.8875578970091389 0.49725713912393865 0.47411172156964665 0.6861799422464543 
24.0 0.18107727147744312 -0.10741286305995135 0.15955641812836596 0.14011574414098793 0.8635780488105305 
0.0 0.8422367224528837 0.41492108199097855 -0.3701758852420496 0.5101261175293665 0.6230395957651136 
64.0 0.007795925643380608 -0.45735509353238535 0.29098919362997133 0.8204396476132432 0.8522055904539936 
1216.0 -0.19053092738811106 -0.6654697894832571 0.0614273505520897 -0.6947452934608871 -0.3790855744814463 
1188.0 -0.7538477739866818 -0.8663546075339685 -0.5607070147488376 -0.6577492096485815 -0.4236771939559467 
0.0 0.6231035822411706 0.3388265565423243 -0.9402728795781359 -0.6226896961907629 0.9582038422627088 
0.0 0.8623597776706418 0.41452588207140195 -0.514006895990774 0.9889874110712431 -0.08644061527113234 
484.0 0.48970159773809474 -0.48800530336258197 0.4878191940207759 0.32041212756544146 -0.9702238121873286 
0.0 -0.2628251244431983 0.21119649855927292 0.5230527143856236 0.07138777793723405 -0.2085075209410332 
0.0 0.5186244262979871 0.863762619136623 -0.4578029346155288 -0.24811048346360987 0.7166384137409081 
648.0 -0.6243467383213968 -0.07982334792013113 -0.8650827738162465 0.6257749562446937 -0.9585094324705417 
8.0 -0.2944718847015251 0.6280102112397146 -0.18376155024566265 0.6153450907840665 0.5019190945869669 
128.0 -0.6438534413946009 -0.43132665657797964 0.7412796548023735 0.9815735791311879 0.8215761393883811 
0.0 -0.16492699967515123 0.2057986664889333 -0.5493406268042633 0.6281503649584821 0.8207844852912058 
8.0 0.8249694629406137 0.20394337050935785 -0.4134618128834264 0.35482095706442296 -0.4200235393666407 
1848.0 0.3387357248968845 -0.981764486996918 0.06179460731230657 -0.7317716449359508 -0.8343464956916973 
0.0 0.03798579266172575 0.8046255331469829 0.1718661886378905 0.23854504093374085 -0.2804570889052127 
8.0 0.32492687151237454 0.7236684644377593 -0.5125713915563976 0.5027582146302318 -0.5760054582105361 
0.0 -0.001668426485397001 0.5112786068220552 -0.0935279690589137 -0.3053080057200419 -0.06848684975874142 
0.0 0.9311575776760777 0.04420991204974767 -0.41213725890301856 -0.14819521294826932 0.9092282988369873 
64.0 0.4768276489904575 -0.44423911165794516 0.7260494574222918 -0.5834786889897814 -0.6395102412889127 
772.0 -0.5241531049955401 -0.7217202367422009 -0.36325644864222073 0.6098091189801451 0.22768488993845115 
684.0 -0.5291699406399324 -0.5897269321398717 -0.43449534937793466 0.12678011122835997 0.200336789998125 
0.0 0.24392431876234455 0.17737363938235196 -0.5283396277092918 0.7144505262979393 0.7767575170987564 
0.0 0.5021114204597581 0.2728474056140766 0.4914763323867246 0.7603814403482243 -0.9586330067364968 
0.0 0.0454347223870506 0.2095004090950492 -0.34672377501288865 -0.9799717025015162 -0.019301724404369613 
168.0 -0.7808822605391228 -0.17180696215536684 0.3135094599185291 0.6159804501742294 -0.9734068382013834 
0.0 -0.08179822186486096 0.02334384996277139 0.3761907427297062 0.07157226436374842 0.3100281697522298 
2492.0 -0.6248902935201861 -0.9281014109395835 -0.9704145809612652 0.5179474817630161 0.11549359042669916 
0.0 -0.6538838942110132 0.8591392565284091 -0.2750885088637891 0.24717475189253935 -0.5764461954699487 
680.0 0.17572991773773872 -0.8893471826085166 0.8721972991449733 0.5111973268857914 -0.43533713476240155 
0.0 -0.3752250855586874 0.33931165426874554 -0.9123435148858696 0.9739691392043073 0.894901766339081 
1032.0 0.46747656545631266 -0.7538386666631107 -0.6298518266960413 0.2962222453424743 -0.656109857173351 
296.0 0.35212443362355517 -0.88726431114778 -0.39746998882643214 0.4904210852959916 -0.061223241738523226 
228.0 -0.2242477132932328 -0.5419979924854996 -0.7613453691423699 -0.6796144977468648 0.9395424857240973 
0.0 -0.41467397432910946 0.7117764934297892 0.8779368985586562 0.4263071890897714 0.913686393116657 
0.0 -0.3026994161057841 0.7020742721788975 -0.017899163447919086 0.049770857813551395 -0.3246746927987698 
0.0 0.8510618433320118 0.57262321989765 -0.5156485984010268 0.8195856001995909 0.9458939678911309 
0.0 0.06933917108446597 0.46598056325580584 0.6035070360470702 -0.00680266119333961 0.5768786942967037 
0.0 -0.9382659615729412 0.47971123561784346 -0.7356391489653153 0.7660288573111114 0.5153463735936334 
8.0 -0.2825908561939017 0.5633042760029203 -0.06324216253685444 0.8835650656450169 0.5467459221897994 
8.0 -0.7896935208064788 0.2675267514150155 0.8108004997022338 0.7476368488583458 0.028282199032537703 
0.0 -0.05792976360671753 0.7835141448211431 0.6932169474456753 0.38275886163234496 0.9192683160744495 
64.0 0.13840830629368273 -0.893308090118887 0.7895169446273262 -0.09875335242880401 0.7247514634405654 
8.0 -0.8051807427378113 0.08441162012532955 0.3481969085286565 0.27789493830308865 0.25577954657126556 
596.0 0.15833704176745478 -0.1408205489691905 -0.5696729793147928 0.046786331344200294 -0.8211164161307571 
964.0 0.379210385470208 -0.737494695487346 -0.138282797855235 -0.5984278790512383 -0.9441112273346042 
0.0 -0.35333694157127127 0.9514765462899561 -0.6454761130500815 -0.7449557609992723 -0.5702604958373634 
2072.0 -0.9752973709295487 -0.5906449095574771 0.012826265874835485 0.20474126136653936 -0.2833686795708603 
908.0 -0.5512410309335292 -0.6299337190580352 -0.8983658439517141 -0.8118119708175897 -0.9717543255523886 
1012.0 -0.45533159510251653 -0.9749162255318613 0.9222160474817542 0.36950264909292563 -0.3501318548484753 
8.0 0.6865162099192677 0.6485613131883214 0.9759623765872811 -0.23549537668380416 -0.22622372094614618 
1064.0 -0.20603383856262436 -0.9466744293962928 0.8022486599131746 -0.335830694460753 -0.2122083342722212 
72.0 0.389332708127589 -0.15284625217158498 -0.027230162430439186 0.2101708616876361 -0.13251735637221707 
8.0 -0.10726264626857973 0.7331560083494777 -0.7679697626840423 0.5540032359238083 0.08732183162408336 
0.0 -0.5612097574674069 0.3061303910062845 -0.42287425256929745 0.41389289208704905 -0.41010356910227763 
208.0 0.632462996256151 -0.34575041798311945 0.35433386749347284 -0.26468201622969767 -0.7928545199642207 
2088.0 -0.10592816279452877 -0.9721097768686116 -0.5872697993250533 -0.9457338705468319 -0.6262492645459501 
0.0 0.22786901688362993 0.8123417330098481 -0.3428459265251551 0.47570872460319524 -0.8156845442701921 
108.0 0.3647908761417009 -0.8817385387318224 0.5561885729194878 -0.48290260020486575 0.6801131027305272 
168.0 -0.29265400157952093 -0.895195383337688 0.7071497483133851 -0.367688625975229 0.5018128478011639 
256.0 0.9445271097247827 -0.881155066595253 -0.27324462285674933 -0.48574562445943803 -0.5141723888225362 
0.0 -0.5055447473665957 0.2809653487207173 -0.10879018007414554 -0.029268126847550313 0.5707974840714094 
208.0 0.32513708966363875 -0.604291831422441 0.2431516458261107 -0.38004231832388635 0.04562983309544455 
0.0 0.621449638459167 0.2958993689474292 0.9434850676706228 -0.6410233907318286 0.06782181866217485 
824.0 -0.8043372685930672 -0.8589703979030217 -0.5290471256165921 -0.509954491460592 0.552603313552481 
0.0 0.6146146782250421 -0.030477453809620636 0.37883920101216684 0.17626693058865417 -0.7515445753806198 
852.0 0.4458540706901155 -0.43138811333984695 -0.8229859712269851 0.9584665553532081 -0.6636524288798504 
876.0 0.022956333833732634 -0.34320467021864776 -0.5937919544299224 -0.3961487682796643 -0.35939087894722976 
44.0 0.46085094919516023 -0.3804591526208563 0.9334189117258196 -0.9804558300635242 0.2269180798710222 
64.0 0.38013723946484923 -0.9612677436813812 -0.40235123979611975 0.5157076152822724 0.7970061336614009 
0.0 0.5385589483874043 0.6767439881793333 -0.052561413250707734 -0.9768101946611254 0.3859104372788218 
1992.0 -0.24406207273051028 -0.32449799240824895 0.05255390020904582 0.06399568926083687 0.0023148151555247853 
76.0 -0.5202352023130603 -0.819158447032964 0.7526550034471795 0.4858834597276478 0.7053835609309329 
0.0 -0.706566454630591 0.21720067310581914 0.0903894786518995 0.9998066572265458 0.34807406860286605 
1300.0 0.5502686618257644 -0.7206247684863396 -0.46103497690647144 0.23447101261964431 -0.6040010162033971 
68.0 -0.08367862924739722 -0.08995788563124196 -0.6210590978312676 -0.5232289189743777 0.537601216241804 
0.0 -0.7688452862646715 -0.006543494351516355 0.3684080520416815 0.19744739915506848 0.49108681030470835 
252.0 0.9615549283365061 -0.8445374708069189 0.7313831307515501 -0.7121779902113319 -0.8690881202308731 
352.0 0.10110593853186245 -0.46965587108222473 -0.8474172609687705 -0.8951783889743297 -0.0817792390827532 
8.0 -0.38970811768321867 0.12067793694719309 -0.36241064448011406 -0.5512924159816359 -0.8792888007731616 
1316.0 -0.6484723524674634 -0.6407793354039908 -0.0985665200648993 0.3719146130043087 -0.9007461478896077 
476.0 -0.9504439942941605 0.0720070666582171 -0.9157182238181589 -0.6934654778231997 -0.6501487059485715 
560.0 0.2683665353576321 -0.37172130669182346 -0.9353601115077901 0.4542567014916543 -0.7295007061826468 
0.0 -0.17178056836410405 0.8797625151058488 -0.8457917509585193 0.39840488967328835 -0.5212095583341128 
280.0 -0.7114447590119204 -0.40323332396848244 0.5553230040532451 0.2853388613199108 -0.7792009830042643 
364.0 0.6999717810201906 -0.6765503583967529 -0.5001371455101025 -0.39246495026089057 0.38743245913026403 
0.0 0.41336678957234185 0.5422017321201946 -0.6905711075396934 0.7419227163380073 -0.4842313432438601 
0.0 0.894836898526381 0.8466144807611491 0.6062709245437479 -0.5655415142827029 -0.8910951617587612 
56.0 0.23968099909029994 -0.19755856968770336 0.2914730200384452 0.006154365586599431 0.4149148440270656 
1624.0 -0.9853110770544315 -0.6158242472572397 -0.39068930051897244 0.6938529743916433 0.06840156441243073 
904.0 -0.7542470888340493 -0.46517526507881235 -0.41196756876366436 0.7460591910201531 0.09651505459532683 
32.0 0.32009722644430405 -0.08119540825543248 -0.9563113360569759 -0.8395748937696805 0.6725056144542167 
56.0 0.6117924149969338 -0.410959570955302 -0.12936817086328234 0.2808340632123161 0.30292951176579863 
0.0 0.43174050642105 -0.06793145854232074 0.7892166833848848 0.7763873245824298 -0.658869889084609 
8.0 -0.10682797422160428 0.16370574932289306 0.35290044276638866 0.9373002499791188 0.5319399922412902 
0.0 -0.8918095050821726 0.6575038666319615 0.36661774428430527 0.4331619391008563 0.861658385492299 
40.0 -0.31357254453314853 -0.32196902979041875 -0.37997406031188197 -0.9207741712714652 0.8058190154122671 
0.0 -0.42707304006886804 0.6416757771057953 0.10987946303853091 0.7600466812252844 0.6128208112260671 
188.0 0.09889819346889483 -0.70980683053282 0.4156632208545701 0.29052847689113426 0.7128031242481141 
1288.0 -0.9346105513073419 -0.8843739537439057 -0.8162958820795578 0.7224604926161675 0.030061631653714338 
0.0 0.062147382326402933 0.8554614488269443 0.7572684324281798 0.5755771332405666 0.3101578151932469 
1684.0 -0.22790998817586305 -0.7954945256083161 -0.7665888008258006 0.5782755001979198 -0.8775090853454885 
1016.0 -0.9490023709494395 -0.25714680624629627 0.051472324340952946 0.6529444771064914 0.4799486886568127 
2016.0 -0.9682694715319509 -0.6807858945332024 -0.49447173521513377 0.4813796220619302 -0.6255869863924737 
724.0 -0.8119153136769941 -0.6282243376262264 -0.7566129091000462 -0.6321198520031044 0.8066094596478077 
112.0 0.14830503710065712 -0.6332995631556053 0.836539118914688 0.18915179067498622 0.07711930232932351 
0.0 -0.5308395081559945 0.21920878367854413 0.3509647025776399 -0.9932944147275105 -0.6877313258666564 
16.0 0.9644857184267326 -0.2531532493489377 0.6594285156993147 0.6305953747660047 0.1469282086375625 
2488.0 -0.6418705327782337 -0.6451489600832809 0.40106724176234665 0.8511823362445328 0.2198638470820884 
900.0 -0.8607546868584546 -0.5379889675969298 0.14844304028144073 -0.22189211169025347 0.7737347052646906 
0.0 0.2385189884533916 0.26038720134427096 0.030125647916526166 0.8639414456786556 0.9881296958427144 
84.0 0.8630914462404686 -0.4215364077641426 -0.7685125686847771 -0.5654190492997941 0.21941269858143309 
56.0 -0.5784723762071529 0.17613398556998283 -0.2885127869743116 -0.2645991587937606 -0.5207230217518437 
0.0 -0.8352586722454765 0.8651759983258926 0.21913120041580214 0.5557215150162793 -0.9249646712446018 
224.0 -0.12923730949461487 -0.9746255203636747 0.09306510499796805 -0.4893163481446361 0.3640024429298643 
0.0 -0.2901836349431435 0.7581763318940609 -0.6599277784478041 -0.4875328272226538 -0.27091673047102294 
0.0 0.18963938886407194 0.36641030403457386 -0.601792125352336 -0.2704488461409438 0.20772579359396848 
0.0 0.8524344248918294 0.23413359755821772 -0.10404302185859038 -0.9242387564618786 -0.35404207333412563 
0.0 0.940671845890106 0.012955938836650693 -0.7049338678022894 0.3989749340421107 -0.2187273641446752 
0.0 0.29437262933741914 0.08197973378889056 -0.11596102743008174 0.25980834647191275 0.5881447673507538 
24.0 -0.4170500828697603 -0.18546100134705146 0.642093183576135 0.9647676002018899 0.5971211595611439 
0.0 0.6055142922798549 0.3769215527008545 -0.07528642243997186 0.9160921928447214 0.6052092429331279 
8.0 -0.3222215258991712 0.6034894563892788 -0.07594470854202084 0.21469189113196951 -0.8261034839959935 
0.0 0.1021330342166451 0.7616709658697454 -0.22437155576611634 -0.9190996585753062 -0.35355919844334593 
56.0 -0.6114728736380481 -0.42395664246797615 0.868394742532131 -0.2742388364617483 0.3729316409777015 
0.0 -0.2984059472049343 0.6902290935567132 0.6073769800124864 -0.20956765383053733 0.6557109452028147 
708.0 0.12051792783720683 -0.7847361914334727 0.2745937129126055 0.19241273213496557 -0.5799832022776783 
8.0 -0.07036947682449202 0.09269662257689704 0.21110843516973854 0.44883370689332636 -0.9487277898320565 
0.0 0.33058870264242457 0.16505381950207343 0.6375603852064096 0.637646884361551 0.7845700460864904 
80.0 -0.6577653433651593 -0.1020531758463068 -0.7012656764572771 -0.8510995156530445 0.8306199306123192 
84.0 0.9276803340713533 -0.6603200319151838 -0.2526124187550114 -0.9271197870502739 0.6859174939313657 
192.0 -0.016707498034818302 -0.7666465956332256 0.023639281293268866 -0.7466861761628938 0.03279784210783854 
0.0 -0.9733382619022626 0.7824434286356983 0.30644608985222654 -0.3442846599503373 0.1697300673214015 
2232.0 -0.7723882295100697 -0.26716862002282693 -0.16461872052024207 -0.6208438674946721 -0.26124957411986505 
224.0 0.45371487979659286 -0.8846419143773638 0.9308353759550085 -0.26121497908852764 -0.6131250325974593 
0.0 -0.19746684685874816 0.9825006454637684 0.8309729720564869 -0.38027260994304246 0.9395024259338938 
0.0 -0.826785455581784 0.4166519644018525 -0.3156476688340961 -0.6397367958136504 0.09298125384405953 
1056.0 -0.4399396291954156 -0.2454506401371941 -0.953779472208891 -0.2203875316379531 -0.5430308700709843 
168.0 -0.43790242769833454 -0.6954592610656594 0.12164262333580833 -0.9652041093721317 0.7529365936664927 
0.0 0.23897155819230687 0.3212613896613308 -0.49041138824736685 -0.31967603473934014 0.19792906818174627 
0.0 -0.6804582452811176 0.8215783917856954 -0.8511622281533271 -0.4325342569727977 -0.6441446882599591 
772.0 0.5837043203964978 -0.6026232620853553 -0.8600125885317051 -0.14543483973471694 -0.31080765814928046 
8.0 -0.6651050504838514 0.33287443391985994 -0.6088324179702158 -0.8527044388399898 0.2705742407228424 
864.0 -0.9820782007136586 0.12211111482821724 -0.7904763867204774 0.16868021182026594 -0.05720332051902832 
0.0 -0.7376482469198582 0.7993351476522612 -0.4951618671335378 0.15460585525134918 -0.06391997815108086 
1616.0 0.17700897807222638 -0.3613696355538869 -0.42154050217323524 0.14326726565691073 -0.7645126269019422 
0.0 -0.7876683484124862 0.5635381538952473 -0.5705880880224816 -0.7248076524811715 -0.834224159498892 
756.0 -0.8119199562446855 0.12666931152854555 -0.8676182363311538 0.04150262302410468 -0.43181678137459745 
516.0 -0.8986464637129636 -0.1053847080051249 0.049901070876812614 -0.14204416429894873 -0.6491749000295453 
920.0 0.27279598237846026 -0.3439907875027277 -0.7997432975948964 0.13776292313926497 -0.46068469801292156 
856.0 -0.6925684900963374 -0.9942618183831067 0.8882826148498546 0.13547890698821252 0.34923825145313225 
0.0 -0.47781253141704916 0.3494820656495847 0.9094934571306188 0.7468476260369399 -0.35176892411756344 
0.0 -0.5840548184084864 0.8993088118634289 -0.7301282669821652 -0.9757599551442278 0.7880457570336958 
0.0 -0.4981518197003909 0.5167574450657206 0.8964466253345833 0.36538390743736815 -0.14918767969520452 
8.0 -0.8401870891405077 0.6803604914965404 0.12771892124348105 0.3102019564586864 -0.1845277661709035 
32.0 0.31394135783539134 -0.3921781594201219 0.7431497284031792 -0.01121075683335837 0.7896575591442381 
0.0 -0.5647655695857028 0.6126608613170459 -0.9804976421502505 0.36984844225990776 -0.34987736834955463 
1316.0 -0.4841702877694376 -0.10361921584310196 -0.487068257507846 -0.4513831860896296 -0.3350605945835483 
0.0 0.07825948179526665 0.8528233173872262 0.8689026911101614 -0.3374145992208404 0.9826418320090118 
0.0 0.07619463146544136 0.31884686783982374 -0.4883629203857418 -0.8154833605767007 -0.9175256420215208 
176.0 0.623600068017806 -0.8939322606054991 -0.3592519735509885 -0.7779941692124821 -0.3085475953832548 
268.0 0.011875223339707253 -0.2043726284179015 0.1891497955317616 -0.7831682015586179 -0.006266679251261342 
128.0 0.36632535760672913 -0.8127910504257152 0.41450060998525995 -0.01016967695325266 0.5584819976640913 
0.0 -0.8568742597296919 0.7151727175811093 0.3408387831402371 -0.7116479277685805 0.7342386227143531 
0.0 0.9907448374418146 0.29964165769663387 -0.7893654762936013 -0.9163076169433293 0.7800458250888267 
936.0 -0.5143802811315898 -0.30716474921498915 -0.45372359621055414 -0.9047776848263231 -0.9706131664731339 
0.0 0.3793597660953014 0.9851607640535078 0.22850835379062184 -0.0674788334127896 -0.9493687158384698 
736.0 -0.8962916165490693 -0.5114712710879095 -0.788176279132115 -0.7719440395685542 0.8172522427140891 
8.0 -0.6776501932297814 0.797420171677687 -0.85583123073607 -0.684416193933332 -0.0086910425129898 
0.0 0.7528514261609571 0.47665868164483194 -0.2537567299570944 0.8343736665824557 -0.007955610013976822 
2328.0 -0.7914650073457943 -0.5497590813692292 0.3392306196163568 -0.5400483362303892 -0.030767770184118914 
152.0 0.3815006643901495 -0.33815180662939204 0.36124498682917516 0.035016905840904666 -0.9000262020946579 
0.0 -0.015455639794766274 0.06617318134099293 0.5348658126830212 -0.13920668314147555 0.6200182366684486 
152.0 0.25033563076185583 -0.887398929955985 0.06074864676397551 -0.3375569333680979 0.0980196594682623 
0.0 -0.26772829184446123 0.19357010723613555 0.42460937063364024 0.032307858189788874 0.3989596404054969 
16.0 -0.9835824251937983 0.6717558447424081 -0.4868468693905881 0.8872518420590461 -0.8467198021951514 
152.0 -0.9375866516274793 -0.41922736371934355 0.4936032667589876 0.4207996690336817 -0.4729757466099771 
416.0 0.6926135020289272 -0.37787238124506506 -0.4365080814837652 0.2071385111914239 -0.9943367375729788 
0.0 0.006265762872743608 0.14139029919064194 0.46711253638175587 -0.5605707831108064 -0.19022296267025407 
812.0 -0.9968135366128381 -0.18588184918079942 -0.19398895962746354 -0.36760850795501065 0.8465529443556647 
0.0 0.9447134500679637 0.10051985950184328 0.8943013345845057 -0.6555846458888077 -0.49787102384249815 
0.0 -0.3817297263322841 0.41561409158116835 -0.037087393885357534 -0.3844490345935978 0.3068021870825528 
0.0 0.241943725362316 0.4310871834848182 -0.5195088692076284 0.47331070125624697 0.8729135068956757 
0.0 -0.6273626608779361 0.09053124887063824 -0.013322080835799888 0.5678255806355221 0.6972395349776128 
0.0 0.7849094018930542 0.7698466696824064 0.20264642676497502 -0.42338873215592887 0.5104096995628036 
0.0 0.07035053381252432 0.8201501490678638 0.03323821874942423 -0.5509404630815509 -0.2710809979228175 
1940.0 0.05513987854437152 -0.830953521300783 -0.1504183503896379 0.6494160161553937 -0.7249987654546024 
2180.0 -0.47701855162112117 -0.3782031837056026 -0.6054655292165847 0.08554852256597445 -0.11400502202318719 
944.0 -0.37469232088227455 -0.4022474898192083 0.2719638786787699 -0.6123428464305531 -0.4261941578998143 
112.0 0.8583164522162787 -0.629089547289228 -0.19758420321131198 -0.6286969733064287 0.743719308559462 
1984.0 -0.9446306321512352 -0.8692618375193755 -0.7960491872564861 0.6997218430265215 0.04448893551048072 
104.0 0.6334782414953677 -0.23392708832811615 0.2087633141632963 -0.7197299749761734 -0.6066201421290152 
0.0 0.18467844412151746 0.4680317894887056 0.7457638172954304 -0.11612507669848737 -0.1896166558179202 
0.0 0.9943073682717511 0.8357016419392453 0.9705481796019806 0.8883486697092717 0.9093471899500316 
132.0 -0.29513321359391553 -0.335405943552298 0.4755991479529993 -0.1067162666142818 0.3457667430974818 
180.0 0.9620008949580954 -0.9439553865491377 -0.7715679757726652 0.9491731449338372 0.4532173402985198 
0.0 0.01248940869136006 0.5139550632392507 -0.2596996253614212 -0.7005980307062132 -0.8811999785458502 
1060.0 0.487321519474319 -0.7106583958779005 -0.7802084439192627 0.3240052496794896 -0.7163935814770019 
1320.0 -0.8226094743539583 -0.4252405099252752 -0.6060125727488954 0.7303781906508142 -0.4150748433979088 
1376.0 -0.2529029470019126 -0.8120993444135045 -0.9530182656710768 0.9605180416461172 -0.9546230034201741 
0.0 0.8513714881072703 0.03834512491869613 0.8283123239818164 -0.17261235609357883 0.8052947416131497 
8.0 0.6630470171980838 0.6737830473015911 -0.2727280228087132 -0.13323648253659437 -0.3945076772246221 
8.0 0.585620121733833 0.41062497423637034 -0.9155262164515012 -0.7587488164295717 -0.8751781012977446 
8.0 0.31110439197513107 -0.12577504797164663 0.347525825300363 -0.6166234713176966 0.6991178817623618 
0.0 0.8592105100711072 0.9579845222748913 -0.9194766020593874 0.285525034564569 -0.9589615513703629 
0.0 0.8397244230284191 0.23237684313721596 0.1437187602627359 0.8257590383773541 0.8986753295058238 
72.0 0.5742714407877052 -0.8118392916053099 0.44058558550077387 0.057861333670217396 0.9821257320670136 
0.0 0.6915151047555097 0.656023835082786 0.712786779742423 0.23817766271171115 -0.14238201540823736 
72.0 0.8483040252860452 -0.3561155799784461 0.41118914037151 -0.8588953666047121 0.18652069124878934 
0.0 0.9230251079146994 -0.02009292515796801 -0.2885190539818261 0.2841038531355411 0.4285055810219034 
0.0 0.8675439048388294 0.9780195268888785 0.410384322286935 0.794188922168164 -0.49499215886285053 
176.0 -0.07752419530717192 -0.5112156550585509 0.6788627926231878 0.5298611998972265 0.27798871643026235 
0.0 -0.9009380835707539 0.4462334029168622 0.8164391972192486 0.27298870092933303 0.5018458147567668 
996.0 0.12583615020014194 -0.599495455916589 0.23592757921156804 0.22771469457969307 -0.42605021148327116 
204.0 -0.3458972802822029 -0.4855144841736052 -0.1977349330928415 0.3311618252066513 0.9983994281963928 
252.0 -0.1287227052785418 -0.9161851352734978 0.5089591133852294 -0.55779136919147 0.1828821007950987 
1372.0 -0.9726546254520883 -0.9395308274679282 -0.6501211038509165 0.7102528705534064 -0.2785018560554031 
128.0 0.8511894438233338 -0.24664642659393765 -0.010024544819013714 0.18341228134818977 -0.5855911811236381 
0.0 -0.6523537953318657 0.3324888636639962 -0.4964493511011041 0.8687012685637228 0.3076507307637051 
0.0 0.3379048273686509 0.8142305915312573 -0.5884426835898278 0.6084328025053944 -0.6074471977050113 
152.0 0.02532759210448532 -0.7058250220827682 0.8038537086531417 -0.29170877699769493 0.2362310035883961 
0.0 0.47095119675384733 0.7278977762667365 0.4911132909234497 0.7360481559293626 0.13460305151871976 
480.0 0.45520755725999873 -0.6605188191892721 0.6598578123835925 0.8091241581015898 -0.9726371832616203 
0.0 -0.5502552144380963 0.3039457062149391 -0.23702355972520173 0.38953870152881964 0.14044711380985664 
0.0 0.5587276404467856 0.5256048050493793 -0.8088330435936275 -0.8832310105696102 -0.459366057275167 
0.0 0.41608560167839936 0.319264576095337 -0.45578295095566146 -0.8213880058809158 -0.7662933087013792 
0.0 -0.147932571150571 0.6230254445048582 0.6202057138729113 0.6530461412323125 -0.5210400354242357 
152.0 0.29378090554933434 -0.3269721612158676 -0.8129878589598811 -0.9998451692416159 0.111186397851057 
176.0 -0.28633038978018144 -0.7384298127141893 0.8721847632843844 -0.22065933931173576 -0.9626948303287954 
1668.0 -0.7578052895983671 -0.7759432933740806 -0.5345174794008936 -0.35338405460169064 -0.5843896693357853 
396.0 0.7844142615768612 -0.7905279619656318 -0.6463234994397529 0.7270480499288465 -0.2174346344148268 
204.0 -0.37311374156295707 -0.7846820470916567 -0.27014923096406296 0.7642950944983657 0.6497881576484035 
1176.0 -0.16843479341179268 -0.6601274515723508 0.429507443200035 0.14135634062843971 -0.3613385720065272 
0.0 -0.021339525992650543 0.9495093659590619 0.038436106605255205 0.2004461162445328 0.9198820069850642 
544.0 -0.7208646146363555 -0.8642837647937833 0.689697078872815 -0.08470805315985364 -0.5450496311344037 
132.0 0.2326340784658536 -0.210092768959246 0.04813796408849469 -0.885966194671187 0.7174132067361503 
72.0 0.8818628880014177 -0.9075257840893167 0.7101329567421584 -0.35398649557290485 0.8608986754466594 
88.0 0.12883337466998213 -0.4700939462310121 0.9593714599577976 -0.9042485734038372 -0.5898870591150711 
0.0 0.992767170580777 0.9455225205192068 -0.8035294428461095 0.37962558095690313 -0.5346677367694759 
16.0 0.04458756027761979 0.22641602311616582 -0.43644304629095165 -0.9640138362502702 -0.4135225460016323 
0.0 -0.4347060792396167 0.26032220984467136 0.7374862081933946 0.6043887227428926 0.05749011523201375 
16.0 0.7435708731721784 -0.17924356227826865 0.6510125371961946 0.7800649385777416 0.7395131599982165 
376.0 0.11702213373825354 -0.03262504771079722 -0.7451536739615938 0.18652303516601876 -0.05329024692070883 
760.0 0.550365733269041 -0.8263446613583141 -0.1808239816928785 -0.3457723327036719 -0.6121756798040443 
948.0 0.008554182311499181 -0.6278730607598086 -0.8886649604136232 0.8351834089425225 -0.46610673495925803 
0.0 -0.242723822871584 0.9748300630450153 -0.9232072501602984 0.3269408126827835 -0.7843733461709315 
0.0 0.7447508179023075 0.8918475441202405 0.06679990983350037 -0.5339689753324939 0.9381278808744982 
156.0 0.9583053262584695 -0.5648872498200772 0.48410405395883993 -0.06539890230094048 -0.14352329754589843 
512.0 -0.7362902559114839 -0.872840328890321 -0.5475993418040308 -0.6797786890329465 -0.007882214876715032 
8.0 -0.8582573238831794 0.6640882267703831 -0.9749321277009082 -0.6322794304469046 0.1996672501261254 
8.0 0.4105195137319846 0.847838729075238 -0.3706675721193564 -0.17217385418377407 0.9989657592489365 
8.0 -0.9041699540798811 0.2008637819357133 0.09436700769398176 0.801317701595468 -0.08022628076548788 
868.0 -0.04209529826473002 -0.5212886447505922 -0.18334392623043838 0.24175967532654918 -0.391650622636724 
0.0 0.3573528469225431 0.07272601960696656 0.832177532934155 0.8256125912792118 -0.33996527186856396 
96.0 -0.9564652923029227 -0.024266321220559828 0.09869413768549085 0.48396300006386483 -0.5591065209740467 
0.0 -0.6107187634800546 0.4711612570920254 -0.3979618425971958 0.3250215457323229 0.3446002494981826 
1160.0 -0.9209021480133088 -0.5853508855302898 0.36239359823135864 0.2969639335715568 0.3372257881451062 
0.0 -0.7148390598999863 0.36729849912084855 -0.370225484029431 0.6416234485461763 0.8093729783437706 
80.0 0.9384674268786148 -0.5267244727183733 -0.0961583694814292 -0.8271648103397538 0.011139321117439316 
152.0 -0.27163654439202456 -0.04981941397496792 -0.3377025692799609 0.9287674213929973 0.3163000737067798 
8.0 0.25414446428087745 0.20533350908335102 0.1671005737897946 -0.33185373855960054 0.7016371401255401 
0.0 -0.27175279964672283 0.4127024977691034 0.5849480568541221 -0.1144879196582258 0.8611905810669991 
528.0 0.46797018230946574 -0.49656664296526376 -0.2207997008099567 0.5619347431881994 -0.4453188338236178 
0.0 0.5791766456830287 0.4870824644729361 -0.0025346640953933797 -0.9985287204576747 -0.11084737130963984 
0.0 -0.817948229639071 0.1857043954240556 0.21907167917104386 0.722961431410339 -0.714953213048692 
0.0 -0.01615773105569418 0.7334206303008326 0.9192230540374562 -0.15656643911793933 0.5056286556896419 
560.0 0.5133790840768475 -0.7016087631083621 0.3467860786128085 -0.38503208902546593 -0.8652472814948977 
0.0 0.13242175692191904 0.7483553480553429 -0.20856904473329863 0.2973535551832358 0.9622562868713014 
0.0 -0.6036610092687342 0.4607382599433829 -0.28509215901444573 0.0713364876173832 0.8428038294008382 
1252.0 0.09500895464771264 -0.9721511564253849 0.47756659544280233 0.7300961374881063 -0.6005537839350108 
720.0 -0.2262423417951469 0.04675942460078675 -0.45601967116019937 0.7401389801121858 -0.2048741070599649 
640.0 0.6504319073424087 -0.5294194091248097 -0.5994625431951253 -0.6772316982938642 -0.8510169907576646 
8.0 0.12152087598975636 0.033007158897451205 0.038002655242303396 0.8291009965222578 -0.369684700911898 
0.0 -0.30085395399398895 0.6707945290470112 -0.1017934123434292 0.4889265027760197 0.8274416157963895 
1224.0 -0.025538015375432543 -0.5039922215686752 -0.8497949691694353 -0.9310206630023192 -0.029574808847131928 
80.0 0.11253220405717124 -0.3786811230019249 0.9116533082442124 0.5047706135255325 0.12205079360450233 
72.0 0.5589061102846595 -0.883973129474698 -0.10780185401517306 -0.9862752498122902 0.882292662455703 
336.0 -0.8427499120977935 -0.4517780538339118 -0.2946437664618653 0.41660035926181194 0.854639505340389 
0.0 0.6611787545967776 0.6129604469763368 -0.2570979972827119 -0.1344281973932191 0.5090926172918375 
104.0 -0.13658559058621833 -0.6111019914161193 0.5492712195728919 0.10605740046608547 0.6006154724144519 
0.0 0.4066338662389384 0.3742068142322583 0.3717940882288273 -0.5208629443811275 -0.35544873087160966 
16.0 0.3781773868239473 0.03679540343004706 0.9327823092903424 0.5651826582726989 -0.47617588697279256 
1128.0 -0.31369081302049784 -0.12832341200706887 -0.4806793256745576 -0.06491409953430849 0.20018543889120632 
0.0 0.10351462057630711 0.8128084483490283 0.9691921456776229 0.21582406165451973 0.3296796768029393 
0.0 0.9375567690874551 0.8466229413857336 -0.7654314690977744 -0.5062929274450092 0.8617617198246805 
16.0 0.3114024993704245 -0.04993189932086772 0.11899132111578514 0.7278206566508958 0.31343612458611503 
24.0 0.19905894856411366 -0.05447766302536472 -0.5140452533529476 -0.12471077484513549 0.9175090014045997 
736.0 0.11094532859707917 -0.5768106766531855 -0.7420073962321221 -0.5904307250587286 -0.18786683904175638 
0.0 0.8087844882946129 0.35507422679668976 0.8264476357149468 0.23705472137300876 0.7279238532271535 
0.0 0.4415001625154358 -0.012016600319482151 -0.17677026903488602 -0.7292942332649606 0.35179537897950275 
1152.0 -0.46421207586828617 -0.26946871463846267 -0.649612155105808 0.16902530368822077 0.06275962975374005 
0.0 0.1880912706805542 0.6027871522876855 0.13201623563826193 -0.0020002813412298703 -0.5886531985796037 
0.0 0.8145225162802474 -0.05487656706188049 0.633850399170552 0.5070967140981795 -0.2112163372587197 
8.0 -0.4657645475540695 0.8020782362158216 0.48949636593126633 -0.1782988874786613 0.6379907016511661 
0.0 0.7018832622079678 0.8094064148238038 0.8536978745526536 -0.1497674403985716 -0.8649466285388985 
0.0 -0.5240781399339631 0.9181985074850634 -0.011627851915240628 -0.7706752409650994 0.1466098553314945 
556.0 -0.3369987073983387 -0.9114689738709976 -0.8102255615596763 0.6962896867134993 0.07508589574694158 
0.0 0.11251284187419675 0.879320201659886 0.6417639640050368 -0.08197512438882759 -0.8321513931026148 
0.0 0.4800883333459458 0.9211872671187256 0.49019087419678 0.2315770321248536 -0.022437528385009564 
0.0 -0.514108960816742 0.6074857824115394 0.798041988616004 0.41376017471337767 -0.6047747759028204 
16.0 -0.7685839964260623 0.13125981333314996 0.6147070308605167 -0.12211832030076519 0.17071689105081878 
0.0 -0.4669662102223955 0.882580708998941 -0.15842976902614758 -0.8558391004364767 -0.0763724353209414 
0.0 0.8248174651830971 0.22966133589806348 -0.6565366029103552 -0.9798718761983576 -0.9806839078126242 
0.0 0.5853037405593833 0.28746036219429616 -0.448677385856846 -0.18072935717332017 0.33095258293906893 
0.0 -0.9654944621090487 0.16035002126982634 0.2867512817883169 0.07656643784388195 -0.08942053181785115 
980.0 -0.1935156693455975 -0.5842578011132604 -0.6893676279241403 -0.23368293301258736 -0.7307626868970147 
1732.0 -0.009622397010489836 -0.18552254492403497 -0.6346163347063773 -0.2654090622637151 -0.29569127071241175 
16.0 0.39684875137805453 -0.24158384830476876 0.5857784181276395 -0.19980715035127306 0.7847074454460361 
148.0 -0.32160081384096695 -0.16163695439477377 -0.9158828314284813 -0.7703958597265674 0.7226434325245374 
1932.0 -0.8145910863219843 -0.19495087729818072 -0.23974727008900465 0.5412516262790199 -0.15367763402123447 
16.0 -0.23859520761252773 -0.36514676378378974 0.8646771948450109 0.4484562942986894 0.02780238112610567 
0.0 0.2704783918445075 -0.05261085473803995 0.46830620977219994 0.2534570818282862 0.3148995674966242 
8.0 -0.17165165554869843 -0.0823885782869287 -0.8560768441320292 -0.2809014232536289 0.7806675941232557 
8.0 -0.8892599115922097 -0.10635589434783577 0.886345059787784 0.840010419571942 0.10599590447792506 
48.0 -0.3561592674290224 0.0029613679624986844 -0.44175255600388463 0.7889701813651169 0.9924296722506378 
1136.0 -0.4899988189691553 -0.3936359897809212 -0.16259507545114738 0.6243825198752877 -0.8607906242776713 
0.0 0.08688076260533717 0.2895631797575975 -0.6851982981235778 0.36320166627552175 0.4769586783525894 
0.0 0.6486989180905898 0.4912027532081824 -0.1446853999873372 0.7658773740420908 -0.2222533001876592 
172.0 0.4332610090318052 -0.8477653147619275 -0.14627823309778698 0.547509626197211 0.0036877619582040833 
0.0 0.09087234060314175 0.20309673934774408 0.6077964154568418 0.23166656068209157 0.38344702105418427 
0.0 0.384916145008692 0.18414007337933946 -0.2638847627227887 0.6658486053268646 0.24435024367805114 
0.0 -0.9077464002563529 -0.05367147048782073 0.9498376879834693 0.6327192836317066 0.7409648382081766 
0.0 -0.30793189237211926 0.03467198524026904 -0.3895163771518302 0.48722528993997094 0.5811323612424726 
996.0 -0.5609254667253905 -0.5337754496718858 -0.050961438875583465 0.539317508324944 -0.6208151505317852 
472.0 0.4837551894789671 -0.7720380223909407 0.4177175364865764 -0.4003498454004546 -0.661135621985599 
0.0 0.9216314312196165 0.5771038620948439 0.9561371466689794 -0.5220376050218254 0.32388360901585056 
0.0 0.5130437584847554 -0.04150595564354953 0.08674317757412853 0.6065316770160007 0.6964160698858548 
44.0 0.10817604354166632 0.20101403171709764 -0.8643896560327342 -0.06884625155010982 -0.6426884987777739 
0.0 0.6362274327946091 0.023245359041755176 -0.5186315379015285 0.6829434450019798 -0.6320533788352862 
0.0 -0.8007093019188163 0.2870315982800702 0.01544059290834876 -0.005698804272408209 0.6287082629181298 
756.0 -0.9989896495989621 -0.8831828843330884 0.8144503537219037 0.6148072380910319 -0.7147962872381501 
824.0 -0.938369642616866 -0.5606913900827517 -0.9708797618999523 0.9905150928617243 0.4549797565277143 
40.0 0.09159480546762389 -0.24147038497361994 -0.14901601722541358 -0.9263903672387943 0.7709491429558395 
0.0 0.0018939447593466774 0.36448372952795993 0.05285353747180266 -0.783178674560979 -0.5420498767471496 
0.0 0.955603693301408 0.9420601714143981 -0.44390298084523794 -0.10947384812588523 0.9051917109127294 
0.0 0.7151200888630018 0.7027462695296967 -0.6489740652364409 0.6729205742356819 0.40038168076586045 
672.0 -0.6014304195128908 -0.8566602199869267 0.168496179248818 0.9023120736800967 0.15596483759467472 
0.0 0.3675774843528121 0.9602871833369069 -0.5162974846971728 0.289085062852223 -0.08805798099585105 
0.0 -0.6371736191890367 0.14913482424600866 0.49011890709910566 0.8250602415887052 0.9099632237460467 
0.0 -0.49181409957162714 0.06210454970004742 -0.028281237611998522 0.9365601858112755 0.8302664238392408 
0.0 -0.9298217108838451 0.9671186177987507 0.22606873015433204 0.5788151740256402 0.6213616255431011 
0.0 -0.19054675661412412 0.14763566765280145 -0.6784142439438867 0.43797708867202245 0.2842654312476858 
40.0 0.800864270987447 -0.27760018904085526 0.7192389920099653 -0.09888217728390347 0.04760444502392969 
0.0 -0.7885580111852104 0.5107896788233963 -0.08826645795703048 0.4088258234887048 0.5173558093119686 
244.0 0.40082422029869313 -0.7985516958190504 -0.9848583632734189 0.020057100187069077 0.18449448835635351 
0.0 0.763676473031212 0.07617552154229035 0.2931321470626038 0.5880454642035879 -0.8232758636408308 
160.0 0.24998900889747433 -0.5292550977181356 0.6549204132495465 -0.016881059951258548 -0.590230186214521 
0.0 -0.3816598831327196 0.8751679634058864 -0.029349426499436726 -0.3515252517109413 0.7664821736151555 
56.0 -0.8377584709856021 -0.793069401655399 0.9344092195750795 0.81798610091585 0.28474004020644705 
96.0 0.8929257611623751 -0.9598222515828787 0.05317078752008153 0.33694501345241346 0.9123440888360581 
8.0 0.056557256905360065 -0.0609088598961296 0.3731691871244631 -0.659594596517777 -0.46063161139309994 
104.0 -0.807189387161316 -0.8576494308169129 0.9248273287851332 -0.4595900173335874 0.49610016729076545 
0.0 0.2509450344620845 0.9373317872121585 -0.23925613588473849 -0.5733650313383245 -0.8766559216259247 
0.0 -0.9963906281509647 0.7332642883452378 0.25960199990765975 0.6298297866689155 0.4974746899999871 
1216.0 0.0599432012371337 -0.24679795628024448 -0.9763787280516287 0.42186352935397164 -0.5876147645521208 
1468.0 -0.5781703834889229 -0.9192276701300572 0.8279065742755454 -0.9488145163549762 0.22856938880674793 
0.0 -0.24743508383078594 0.5613583247247258 -0.0005119877875083834 0.6881045434698836 0.9611385327639961 
212.0 0.8959210360157981 -0.28216798423688294 -0.47394911527941197 -0.06911084625036401 -0.6600678920788248 
120.0 -0.5427335538237532 -0.1555300912213926 0.19396957155848438 0.4662291142345938 0.49245004951134197 
8.0 -0.7554867821544506 -0.11145117226664802 0.5572221847254755 -0.25141690673342487 0.5238158390366667 
308.0 -0.8784905553903313 -0.12941798437347196 -0.2647934485893564 -0.6987086261372852 0.9467821724943954 
0.0 -0.18540827277796623 0.8686221600236161 -0.7790617405214424 -0.07049727699041752 -0.2515322773162969 
176.0 0.23951249461532553 -0.48276125878557674 0.7306422986375991 -0.5241397893441089 -0.5435091238228005 
2340.0 -0.8870898148432127 -0.8529260738738664 -0.006921541047308688 -0.39251961441402927 0.41374715267812423 
0.0 0.9659164356816838 0.25093420224750584 -0.6450994797583838 0.21065183317440472 -0.8107381996215799 
908.0 -0.45251063407790104 -0.8964588957657704 0.6818630417611247 0.622303812707135 -0.5810657066975433 
104.0 0.3284939350329754 -0.44305496878203265 -0.6577698680206645 -0.7926650516257181 0.8711055653104987 
352.0 0.061693739992675134 -0.4998886914740468 -0.531019968182719 -0.306371184812966 0.02307840135544592 
0.0 0.3113192627698922 0.7406827240703091 -0.7172761655344218 0.7433872479913377 0.2179134830330125 
0.0 0.18473098462718118 0.2103137353278557 0.4373115468011153 0.40949142713635345 0.06931382165300093 
24.0 -0.169852528429149 -0.21394601203351638 0.9051962331690213 -0.5875160547466132 -0.4567634087183352 
0.0 0.4848266790104421 0.8491127464596993 0.2277238882098589 0.4092146156964389 0.7808103700539071 
1088.0 0.26886259358794895 -0.5770156568212743 -0.4708374692134045 -0.33806728174843825 -0.7071367646098461 
196.0 0.48292386037796 -0.07429598253253888 -0.40095759401474873 0.5312071221801866 -0.41123090390399564 
8.0 -0.877309764289389 0.45219268248980327 -0.7916264165927813 0.6722892606599653 0.5199076627870209 
8.0 0.7515959366177656 0.705742829615094 -0.271015635401636 -0.19219960744018616 0.8297984136440915 
924.0 -0.44039443238996556 -0.9758694900827825 0.9372144393843702 -0.4505251775467911 0.3192554708551749 
32.0 -0.32683262628761334 -0.2621980008398195 0.9340507787823031 -0.08494218318193592 -0.5603324974113288 
68.0 0.8434160633692296 -0.9378742330482639 -0.5477169743347985 -0.48849026131265183 0.3855133828954731 
0.0 -0.5624603397537666 0.969153292226729 0.16370169931626144 0.5487018935385308 0.49524944601591225 
540.0 0.47306410365189633 -0.41159850250971575 0.18695009015333297 -0.8533616067106735 -0.7467208143943487 
100.0 0.9642768250226155 -0.4005977670618117 -0.4838218953786928 -0.16137778607620978 0.7970866512392656 
0.0 0.15298404377602304 0.9767085038886607 0.4635353978787391 0.9510656955796355 0.05116330049305451 
616.0 -0.6845689776287642 -0.7993747278836354 -0.18008181444245208 -0.3903062340905987 0.5494717543468934 
600.0 -0.06692730565157379 -0.9977814974798123 0.7577434685688553 0.8404829442964938 -0.9629416774381461 
0.0 0.16309488589891563 0.2968146778773568 0.8709224226753975 0.21695234781444883 -0.9073489510709718 
48.0 0.9526881308275186 -0.24883393582548963 -0.8079850480626836 -0.42575509375850684 0.6025743763734077 
72.0 -0.32178750447866755 -0.42006199120485355 -0.18389332058860397 0.4929336018699897 0.9003492251144953 
112.0 0.858126160139995 -0.8072875803282415 0.7811229243662403 -0.22230648199482306 -0.5465182792729943 
8.0 0.4361673425766175 0.40785661827663766 -0.4523005009362755 0.8829917139908681 0.09289295555812904 
1144.0 -0.7686994389450716 -0.8484635267991976 -0.8793625645714522 -0.9374088775357801 -0.43446778517652684 
8.0 0.22510766452183684 0.1896319913528015 -0.8403577871585928 -0.939924247594278 -0.4456761407444354 
0.0 -0.8962887287219468 0.1209044589727799 0.1160317375811648 0.05931317908122202 0.06457415409663514 
0.0 -0.5325024199580857 0.43143931075199227 0.30942007498974755 0.2036367563559729 -0.18630504846723905 
0.0 0.11359181521895634 0.5242909845932684 0.11148005668894556 -0.681553445564363 -0.6072326396627659 
0.0 0.3006379521711078 0.7126948115254372 0.6788069872581628 0.8445087636278745 -0.04709567507927326 
0.0 -0.6235037821751137 0.321563193796055 0.05236087793630917 0.20609485589041032 0.42009264868189167 
2288.0 -0.539104417172336 -0.8613210517828158 -0.7256451867037133 0.7885844264345023 -0.6604321226872178 
2292.0 -0.864831082876601 -0.27354450101068273 -0.06076831968062546 -0.6944353199402902 -0.08649081112550117 
0.0 0.7567941589924585 0.6587249247458151 -0.814926955832785 0.5140720262156309 0.8305949673592321 
500.0 -0.8326352065119142 -0.5141123316180749 0.26728687104675575 0.8492214878842588 -0.7391783381660066 
1728.0 -0.5638933006692208 -0.8999229122479926 -0.5324097350293124 -0.5625990347752576 -0.6916387662447054 
0.0 -0.5610007518954871 0.051079350356956654 0.03098968275205838 -0.3380868486577666 0.8635056060521797 
0.0 0.5567646690880435 0.30382803923788804 0.2908540718771946 0.911871779110814 0.7525397117438446 
120.0 0.7005498568494846 -0.529794977578647 -0.9031371532943067 -0.9488200966302813 0.07418219977965967 
88.0 0.9816973696170062 -0.23644843810609695 -0.8854778559700023 0.09943406168146307 0.39864117774302077 
8.0 -0.7650308756042277 -0.18199985033131028 0.9068483741776472 -0.4649254315831399 0.47428978327310434 
0.0 -0.9405554028275471 0.3462011004512513 0.11433878894596639 -0.7964172229333766 -0.32573322354835654 
0.0 0.9879921078393419 0.8353086712601985 -0.2800376787801713 0.2805656245913486 -0.055290868042547237 
476.0 0.30363524223162464 0.03815620209946724 -0.9595002552536629 0.9644931890410064 -0.8107265644489849 
0.0 0.9911031269316115 -0.0033729937527178233 -0.6534100847804309 -0.7867769187728308 -0.2722457360832289 
0.0 0.5965119754800299 0.3525015011029724 0.6022562533719689 -0.8230245137001087 0.07908689936304802 
0.0 0.8356309147330676 0.3318940588965451 0.50672110422794 -0.13343812274296862 0.40149422477525865 
128.0 -0.33965036239101876 -0.42943870922477045 0.5967681749988389 -0.6942568682215942 -0.4432344968254449 
176.0 0.05571429725363908 -0.6929353544414112 -0.2565806156632511 -0.5783447751493112 0.6026545026552685 
108.0 -0.2386710823927929 0.09649505378954726 -0.4652663545167024 0.0495406733663839 -0.2886121628023606 
0.0 -0.5294895298056821 0.15778941869160668 0.5303050241531508 0.7379507180751834 0.9142494918890018 
104.0 -0.6466964276359748 -0.47112670022182 0.6415772575496621 -0.4318246484714663 0.16119978615542974 
8.0 -0.316251555010866 0.7294471368443427 -0.09270787402560199 -0.7995315747558078 0.24307169337664947 
0.0 0.9761781005598797 0.9387795435895008 -0.5372688600659767 0.7310302437771761 0.6891695267224758 
252.0 0.7308321808593339 -0.8979165443448254 0.05534495983964871 -0.6923448825143141 -0.6433898826502655 
356.0 -0.09436308032320917 -0.6486835329457292 -0.6515129677598885 0.7035050195173376 0.37171177670110733 
276.0 0.25667158436610893 -0.09968403579250995 -0.1810816651794529 -0.8460330560486276 -0.41892177661702945 
1244.0 -0.36372737185994564 -0.15106962019877113 -0.36457563170262186 -0.42683961166543605 0.05530055912200238 
0.0 0.3406394257991532 0.3433088681923617 0.16709198298925854 -0.6915942538803681 -0.7704664329671977 
456.0 -0.35673279590923923 -0.28051903052244453 0.024958811403008374 0.3648015118286396 -0.8236462991427247 
0.0 -0.3342000970254104 0.3115966901581 -0.7115060787119329 0.8311428653130912 0.25191781648923794 
1764.0 -0.9669484856125548 -0.748568831826347 -0.4128296723307805 0.9776649273176432 -0.33422385032361746 
0.0 -0.7737805322259004 0.604642035127497 0.043296937939079516 0.957207739491065 -0.3012657374170671 
572.0 -0.45478313500840306 -0.34322352382880017 0.21127758026367482 0.4563028556922839 -0.99099539592497 
24.0 -0.4819045810663194 0.0965891578253546 -0.9874814190704815 0.743063301412227 0.42630953532479854 
0.0 -0.7548956232119961 0.3707279160546253 -0.61869839822891 0.7645179121731356 0.8330116912442149 
0.0 0.7534585146530199 0.09327298125028971 -0.46690537710359203 -0.25239286808304406 0.9604351895787135 
128.0 0.8867864210794234 -0.9001253500193436 -0.13026273308947545 0.21300363276260703 -0.16624110724301477 
180.0 0.5201947797148236 -0.4944807169176575 0.2500011763666703 0.644938283393605 -0.27688156570915257 
0.0 -0.3576174013880473 0.32223324496227246 -0.3298565515460643 0.3282391235543136 -0.02688424139350376 
384.0 0.7176916422804014 -0.621777568300298 -0.5376706413724057 -0.346583404448743 -0.21430284423465595 
