29564.0 -0.12218401551957636 -0.9850184809560099 -0.9980265213071693 0.021039181243303062 0.20919202612841414 -0.40739961189505736 
6728.0 -0.817273350734085 -0.4123502611228598 -0.768840436023889 -0.537296574271398 0.3114046846859595 -0.10984458002859965 
1264.0 0.5518222742897401 -0.8553368156008259 -0.004167564478124941 -0.8581521253135374 0.3171373368020196 -0.39312801305167766 
3900.0 -0.6587904245489093 -0.7609384986157535 -0.8403367897964269 -0.8802746813377285 -0.5585010156097112 -0.39312801305167766 
10552.0 0.13292808385177146 -0.8803131323362399 -0.12866096010702632 -0.4799718884139432 0.10518695555395907 -0.27588509082480606 
836.0 -0.7337409769690919 -0.13763591586906299 -0.5538201460748016 -0.22050060907129332 -0.01268685247432555 -0.4858789982135734 
2652.0 0.020108493504148228 -0.9228722625911576 -0.7961286146623932 -0.4799718884139432 -0.7585479051656487 -0.6193034522404883 
2952.0 -0.8672874878801331 -0.35661437017902875 -0.6730666806733749 -0.5836097820640915 0.016775161914388326 -0.38018515076542725 
820.0 0.6877938966495911 -0.4570960277237952 -0.06952413011878678 -0.13680607212264406 0.0658266773636278 -0.03992410338659913 
13768.0 -0.12218401551957636 -0.06490825615999474 -0.9980265213071693 0.021039181243303062 0.11663262652973705 -0.08283346161728566 
180.0 -0.8803777890429514 0.0875345385309394 -0.768840436023889 -0.537296574271398 0.721968541073347 -0.9333564773001461 
248.0 0.06970530699919619 -0.5755585937168792 0.7887666335867081 0.21256176387479586 0.32209660445010346 -0.43494364436705957 
1960.0 -0.8553906679300411 -0.6712012179453659 -0.3545926572283835 0.23036349343482043 0.6719388114893299 -0.6597036659741764 
1804.0 0.36623978674659474 -0.855360872498169 -0.6291226078283896 -0.07251258827672014 0.5395962541125578 -0.5706446665572209 
1016.0 -0.959826133322943 -0.4123502611228598 -0.768840436023889 0.5267621804607261 -0.26940866186948975 -0.8681082597788263 
1184.0 -0.2853257441048538 -0.171795086015043 -0.39571249433289557 -0.2506700796307282 0.3171373368020196 -0.5304520680880929 
2904.0 0.07721133251739754 -0.2880166560815631 -0.8574371844227475 0.6469310638522019 0.4305162339074484 -0.3076859711600983 
7440.0 -0.9337172772669957 -0.5539079334536867 -0.6147345383724541 0.6466560541736135 0.7716990310323337 -0.2569046384909244 
1088.0 0.8683114433901453 -0.16743435047408917 -0.7011498936553151 0.5521665519834478 -0.410551213454432 -0.08283346161728566 
92.0 -0.3116998974435856 0.14092738954654305 -0.9559880158790146 0.1197664651959589 0.11663262652973705 -0.08283346161728566 
16380.0 -0.3116998974435856 0.00513956998232068 -0.7011498936553151 0.8564501081283236 0.0658266773636278 -0.08283346161728566 
480.0 -0.6694715887646987 -0.3302400327414705 -0.15706734432594915 -0.6711422806309189 -0.8214036833097798 -0.36715299677238833 
4668.0 -0.6744288793563122 -0.1996181169016007 -0.9304096158079243 0.8564501081283236 -0.4915783153943605 -0.03992410338659913 
8188.0 0.10886537293021381 -0.711511273321296 -0.9602244777845903 0.49432817784468996 -0.12459599302360469 -0.46671209646798095 
1396.0 0.10886537293021381 -0.711511273321296 -0.2001391243222681 0.49432817784468996 0.47010310680109035 -0.8567377620895029 
840.0 0.07721133251739754 -0.2880166560815631 -0.5468176538622329 0.7150095862464345 0.7103520630092202 -0.1791328916147512 
960.0 0.8723519897603975 -0.8803131323362399 -0.06528235347502642 0.8148129663992867 0.15617222656700314 -0.27588509082480606 
1080.0 0.14505117142557156 -0.4153825285748345 -0.585491434023542 0.23036349343482043 -0.3036717520563528 -0.7326564931586961 
1312.0 -0.2274666768397755 -0.6712012179453659 -0.4379911602874975 0.23036349343482043 0.4305162339074484 -0.9914981538740146 
3592.0 -0.3575518829296984 -0.9850184809560099 -0.9980265213071693 0.8148129663992867 -0.7919877256824253 -0.46671209646798095 
248.0 0.10886537293021381 0.00513956998232068 -0.2001391243222681 0.49432817784468996 -0.44628872849600665 -0.08283346161728566 
2152.0 -0.2274666768397755 -0.8286039191836088 -0.3545926572283835 -0.4680619082024233 -0.29646551888309647 -0.5745321596303867 
5496.0 0.5671044913861365 -0.8553368156008259 -0.8892259598159158 -0.8919945737350612 -0.22975940428449992 -0.15068801231963946 
1696.0 0.07721133251739754 -0.2880166560815631 -0.327095527171094 -0.15872128352531578 0.033672022651782374 -0.42653865330205165 
2036.0 0.3746710114891467 -0.2122275927172541 -0.5468176538622329 0.8564501081283236 0.0658266773636278 -0.27946620396500843 
16.0 0.8683114433901453 -0.16743435047408917 0.41312148244852276 -0.6158489077074458 -0.410551213454432 -0.015633197118106512 
7612.0 -0.5947091024180915 -0.4123502611228598 -0.768840436023889 0.03698354905530077 0.3114046846859595 -0.029877797452140253 
4316.0 -0.8672874878801331 -0.6708394916783809 -0.5468176538622329 0.7150095862464345 0.7714963823937075 -0.08670736644570298 
1852.0 -0.6694715887646987 -0.2880166560815631 -0.15706734432594915 0.24354912725536537 0.8540058846485621 -0.1791328916147512 
8.0 -0.6117941325422791 0.40712476266354525 0.539152591093786 -0.8082981599056418 0.7716990310323337 -0.24853308151710607 
8416.0 -0.6694715887646987 -0.9684846594440448 -0.12866096010702632 0.21256176387479586 0.850112665734845 -0.43494364436705957 
22180.0 -0.5385863699986342 -0.4123502611228598 -0.8574371844227475 -0.537296574271398 0.4305162339074484 -0.10984458002859965 
2180.0 -0.9955754198231401 -0.8520525439564739 -0.5158244956822167 0.9267189475016475 0.35240536579427517 -0.9172863084198795 
1496.0 0.06970530699919619 -0.2880166560815631 -0.327095527171094 0.24354912725536537 0.32209660445010346 -0.3760005691352555 
9260.0 -0.817273350734085 -0.4123502611228598 -0.4352183009661863 -0.537296574271398 0.3114046846859595 -0.015633197118106512 
1388.0 0.36623978674659474 -0.4123502611228598 -0.6291226078283896 -0.537296574271398 0.3114046846859595 -0.10984458002859965 
3460.0 0.06970530699919619 -0.5755585937168792 -0.8912053424824085 -0.9373107875922551 0.3114046846859595 -0.10984458002859965 
9032.0 -0.9139749074910204 -0.8803131323362399 -0.6749162637780823 0.5560681204841333 0.15617222656700314 -0.20369484144842476 
2764.0 0.8723519897603975 -0.8483914090040252 -0.5538201460748016 0.8447311690148236 -0.7919877256824253 -0.46671209646798095 
564.0 0.3153909070014138 -0.9714673468470465 0.5078720697260102 0.9042730829967631 0.6155520791994846 -0.04787250658538511 
1204.0 0.10886537293021381 -0.6712012179453659 -0.046084932610720664 0.49432817784468996 -0.12459599302360469 -0.45637239413131714 
328.0 -0.3116998974435856 0.00513956998232068 -0.016034873888030043 0.8894822876785806 -0.22999640666571275 -0.31001362141266897 
1176.0 -0.29554411849235196 -0.7483863493686538 -0.016034873888030043 -0.8743551121776574 -0.559791732584844 -0.31001362141266897 
1164.0 -0.817273350734085 -0.5351579494514687 0.2317024385329134 0.7405193794792331 0.3114046846859595 -0.40704954836950713 
6192.0 -0.6117941325422791 -0.711511273321296 -0.6147345383724541 0.6466560541736135 0.7716990310323337 -0.45637239413131714 
21988.0 -0.6117941325422791 -0.711511273321296 -0.6147345383724541 0.49432817784468996 0.7716990310323337 -0.24853308151710607 
668.0 -0.2853257441048538 -0.171795086015043 -0.12866096010702632 0.010772401870552617 0.5963499189745849 -0.6537402931353844 
880.0 0.4129540416617188 -0.6708394916783809 -0.4977522605235498 -0.5836097820640915 0.7714963823937075 -0.24853308151710607 
32.0 -0.9955754198231401 0.47558199606901486 -0.7713150465024836 -0.8581521253135374 -0.22975940428449992 -0.40739961189505736 
8.0 -0.9961695909258617 0.7176222962972125 -0.7011498936553151 0.01658713697219838 0.43501192265755884 -0.08283346161728566 
1604.0 -0.6117941325422791 -0.4123502611228598 -0.6147345383724541 0.6466560541736135 -0.7848730647206545 -0.24853308151710607 
22284.0 -0.7762060901858705 0.00513956998232068 -0.9980265213071693 0.021039181243303062 0.20919202612841414 -0.08283346161728566 
1820.0 0.8723519897603975 -0.7578681678980832 -0.9602244777845903 0.01658713697219838 -0.7919877256824253 -0.6822206877614845 
5672.0 -0.8672874878801331 -0.27206462781871443 -0.8574371844227475 -0.5836097820640915 0.4305162339074484 -0.38018515076542725 
328.0 0.06970530699919619 -0.5755585937168792 0.5078720697260102 0.9042730829967631 0.32209660445010346 -0.12549688422397431 
2912.0 0.36623978674659474 -0.5575980960169094 -0.9560456839625835 0.4199592321455339 0.2536010034719134 -0.5706446665572209 
1760.0 -0.6744288793563122 0.07890457866200906 -0.5468176538622329 0.7150095862464345 0.47156455382625784 -0.03992410338659913 
1752.0 0.7340579628929265 -0.8553368156008259 -0.06952413011878678 0.8564501081283236 0.0658266773636278 -0.03992410338659913 
2292.0 -0.6117941325422791 -0.8293262767890814 -0.7154392910821301 0.6466560541736135 -0.24471728644048563 -0.5706446665572209 
3036.0 -0.9961695909258617 -0.3828545377832855 -0.457577012885225 -0.2506700796307282 0.43501192265755884 -0.029877797452140253 
240.0 -0.08231175384434164 -0.5043303481377266 0.665350714370732 0.5528948727436331 -0.8190366927313011 -0.8062593616439624 
628.0 0.06970530699919619 -0.24167015886193188 -0.46820659717728663 -0.9373107875922551 0.4305162339074484 -0.12549688422397431 
748.0 -0.6117941325422791 -0.5539079334536867 0.5078720697260102 0.6466560541736135 0.46869260759651965 -0.24853308151710607 
1028.0 0.4855464682224988 -0.5904741872711305 -0.768840436023889 0.8751625246454526 0.6686358252207043 -0.10984458002859965 
0.0 -0.3116998974435856 0.00513956998232068 0.4991066496690475 0.01658713697219838 -0.2208564921815046 -0.8681082597788263 
1920.0 0.020108493504148228 -0.5008546203008128 -0.7961286146623932 0.7706309223722108 -0.2919074657928904 -0.6193034522404883 
0.0 -0.8672874878801331 -0.6708394916783809 -0.4977522605235498 0.7405316067862495 0.7714963823937075 0.9549176302780393 
932.0 -0.6744288793563122 -0.2880166560815631 0.2018487762871608 0.8564501081283236 0.033672022651782374 -0.1791328916147512 
10596.0 -0.3392278698265845 -0.3302400327414705 -0.8574371844227475 0.5528948727436331 0.3114046846859595 -0.3076859711600983 
2216.0 -0.09927493448794023 -0.3302400327414705 -0.9560456839625835 -0.37630768242747115 0.4305162339074484 -0.7300922229743265 
24.0 0.07721133251739754 -0.2122275927172541 -0.5468176538622329 0.7150095862464345 0.47156455382625784 0.0070502408322072885 
3080.0 -0.6117941325422791 -0.9714673468470465 -0.6147345383724541 0.9042730829967631 -0.9330352219392839 -0.24853308151710607 
4680.0 -0.9961695909258617 -0.9850184809560099 -0.021321501221750916 0.021039181243303062 0.20919202612841414 -0.40739961189505736 
4620.0 -0.010228245177121842 -0.5755585937168792 -0.46820659717728663 -0.9373107875922551 0.3114046846859595 -0.10984458002859965 
2636.0 0.36623978674659474 -0.9909184369275663 -0.5158244956822167 -0.6158489077074458 0.35240536579427517 -0.9172863084198795 
1620.0 0.6871554477967659 -0.9335916536705278 -0.23409428444221536 0.1097429407696604 0.0658266773636278 -0.03992410338659913 
6536.0 -0.12218401551957636 -0.9684846594440448 -0.9980265213071693 0.021039181243303062 0.7993747618828604 -0.40739961189505736 
5068.0 -0.29554411849235196 -0.5539079334536867 -0.5208627452744565 0.6466560541736135 0.7716990310323337 -0.24853308151710607 
3204.0 -0.3071640219198508 -0.9684846594440448 -0.15706734432594915 -0.6711422806309189 -0.12459599302360469 -0.36715299677238833 
6144.0 -0.6694715887646987 -0.9684846594440448 -0.15706734432594915 0.2074049797369497 -0.22975940428449992 -0.15068801231963946 
4908.0 0.36623978674659474 -0.8293262767890814 -0.7038397455838685 -0.44487326369873825 -0.24471728644048563 -0.5706446665572209 
3704.0 0.13292808385177146 -0.8803131323362399 -0.46820659717728663 0.355533467281272 0.32209660445010346 -0.12549688422397431 
3592.0 -0.817273350734085 -0.4123502611228598 -0.457577012885225 -0.2506700796307282 0.3171373368020196 -0.39312801305167766 
192.0 -0.3116998974435856 0.00513956998232068 -0.7011498936553151 0.01658713697219838 -0.7919877256824253 -0.46671209646798095 
2232.0 -0.6694715887646987 -0.45744637372446184 -0.12866096010702632 0.21256176387479586 0.6357208322988663 -0.36715299677238833 
3048.0 -0.6117941325422791 -0.5539079334536867 -0.7961286146623932 0.6466560541736135 -0.07214916847567876 -0.6193034522404883 
4460.0 -0.6744288793563122 -0.7578681678980832 -0.06952413011878678 0.8148129663992867 0.0658266773636278 -0.14240581230359028 
4028.0 -0.9955754198231401 -0.9974298867237839 0.19674351436853765 -0.506579424959962 -0.22975940428449992 -0.15068801231963946 
15372.0 0.13292808385177146 -0.8803131323362399 -0.49271640999275235 -0.8581521253135374 0.15617222656700314 -0.27588509082480606 
280.0 0.4088697997442525 -0.37756314137206126 -0.6409860538761365 -0.8081038886466241 0.7714963823937075 -0.38018515076542725 
3460.0 -0.7337409769690919 -0.13763591586906299 -0.8574371844227475 0.5528948727436331 -0.01268685247432555 -0.15072444395083928 
4452.0 -0.7842984591033699 -0.9684846594440448 -0.15706734432594915 0.8564501081283236 0.0658266773636278 -0.36715299677238833 
6936.0 -0.6694715887646987 -0.9684846594440448 -0.768840436023889 -0.6711422806309189 0.7993747618828604 -0.10984458002859965 
456.0 0.9833435973891362 -0.8553368156008259 -0.15706734432594915 -0.8581521253135374 0.7993747618828604 -0.15068801231963946 
2032.0 0.1022079294795224 -0.5539079334536867 -0.7713150465024836 0.6466560541736135 0.7716990310323337 -0.24853308151710607 
0.0 0.6871554477967659 -0.711511273321296 -0.23409428444221536 0.7405316067862495 -0.12459599302360469 0.5016998142336617 
0.0 -0.6117941325422791 -0.5539079334536867 0.7079257959461049 0.6466560541736135 0.43498758468944 0.05030319269788963 
7768.0 -0.817273350734085 -0.4123502611228598 -0.768840436023889 -0.537296574271398 0.7716990310323337 -0.24853308151710607 
376.0 0.36623978674659474 -0.07949622015407476 -0.6291226078283896 -0.6158489077074458 -0.26798877368796403 -0.6172077614886033 
5936.0 -0.2853257441048538 -0.171795086015043 -0.7730471884327472 0.010772401870552617 0.47156455382625784 -0.27946620396500843 
0.0 -0.08934570078833182 -0.8286039191836088 -0.46820659717728663 -0.4680619082024233 0.32209660445010346 0.9278043134972125 
2664.0 0.24718439821204297 -0.1996181169016007 -0.5635477871101637 0.8564501081283236 0.0658266773636278 -0.03992410338659913 
2648.0 0.5457912012394186 -0.9241253690411733 -0.8574371844227475 0.7929711139993179 0.4305162339074484 -0.5892592354093871 
0.0 -0.817273350734085 -0.2122275927172541 -0.768840436023889 0.7150095862464345 0.47156455382625784 0.19655919992630877 
1232.0 0.36623978674659474 -0.3302400327414705 -0.6291226078283896 0.5528948727436331 0.4305162339074484 -0.3076859711600983 
7944.0 -0.6694715887646987 -0.9684846594440448 -0.15706734432594915 0.021039181243303062 0.7993747618828604 -0.40739961189505736 
1044.0 -0.09927493448794023 -0.5575980960169094 -0.15706734432594915 -0.6711422806309189 0.7993747618828604 -0.36715299677238833 
988.0 0.6871554477967659 -0.2880166560815631 -0.327095527171094 0.7405316067862495 0.033672022651782374 -0.7180904936891426 
1924.0 -0.2853257441048538 -0.171795086015043 -0.5053419023160388 0.010772401870552617 0.5963499189745849 -0.27588509082480606 
6300.0 -0.2436290846719107 -0.8520525439564739 -0.5635477871101637 0.5134708753018844 -0.6028044424256964 -0.25167465260650324 
26952.0 -0.4313268517240241 -0.4123502611228598 -0.768840436023889 0.5528948727436331 0.3114046846859595 -0.3076859711600983 
84.0 -0.005436407021578438 0.00513956998232068 -0.7730471884327472 0.010772401870552617 0.5963499189745849 -0.5304520680880929 
4540.0 -0.08231175384434164 0.00513956998232068 -0.4531175594169421 0.01658713697219838 0.11663262652973705 -0.08283346161728566 
320.0 0.8723519897603975 -0.16743435047408917 -0.144451991681678 0.8148129663992867 -0.7919877256824253 -0.46671209646798095 
2104.0 0.06970530699919619 -0.3828545377832855 -0.8692473362259874 0.03698354905530077 0.43501192265755884 -0.12549688422397431 
3904.0 -0.6744288793563122 -0.37756314137206126 -0.06952413011878678 0.03155648235281938 0.0658266773636278 -0.03992410338659913 
20204.0 -0.12218401551957636 -0.9850184809560099 -0.9005000261875944 0.021039181243303062 0.033672022651782374 -0.40739961189505736 
5672.0 -0.6117941325422791 -0.5539079334536867 -0.6147345383724541 -0.2506700796307282 0.7716990310323337 -0.39312801305167766 
6496.0 0.13292808385177146 -0.4123502611228598 -0.768840436023889 -0.537296574271398 0.3114046846859595 -0.27588509082480606 
1560.0 0.3491230999410593 -0.8803131323362399 -0.4982336010031101 -0.8581521253135374 0.15617222656700314 -0.15068801231963946 
10524.0 -0.9961695909258617 -0.2880166560815631 -0.6159304219184285 0.24354912725536537 0.43501192265755884 -0.1791328916147512 
1676.0 -0.7976066996214066 -0.4123502611228598 -0.768840436023889 -0.537296574271398 0.2536010034719134 -0.7300922229743265 
0.0 0.5457912012394186 -0.9850184809560099 -0.13344081473879865 0.7929711139993179 0.20919202612841414 0.9877592134687514 
4144.0 -0.6463095528881573 -0.49834706625830205 0.24417335320006717 0.03698354905530077 0.43501192265755884 -0.029877797452140253 
12444.0 -0.817273350734085 -0.4123502611228598 -0.6147345383724541 -0.537296574271398 0.7716990310323337 -0.10984458002859965 
3820.0 -0.6744288793563122 -0.2880166560815631 -0.06952413011878678 0.019284083269240915 0.033672022651782374 -0.03992410338659913 
0.0 0.4855464682224988 -0.7609384986157535 -0.5538201460748016 0.8751625246454526 0.3171373368020196 0.32536084424967293 
1400.0 0.39070256931324665 -0.2880166560815631 -0.2001391243222681 0.24354912725536537 0.033672022651782374 -0.1791328916147512 
244.0 0.9060112600972308 -0.3828545377832855 -0.021321501221750916 -0.13289545927344548 0.43501192265755884 -0.029877797452140253 
5116.0 -0.817273350734085 -0.4123502611228598 -0.7713150465024836 -0.537296574271398 -0.22975940428449992 -0.10984458002859965 
56.0 -0.9810608492465909 -0.0805174384782883 0.7878332333552918 0.9451091260320215 -0.40198978573714994 -0.27673831919911973 
1596.0 -0.2274666768397755 -0.6712012179453659 -0.6147345383724541 0.3238178834073766 0.6719388114893299 -0.9914981538740146 
15384.0 -0.8672874878801331 -0.6708394916783809 -0.9560456839625835 -0.7321328774986731 0.7714963823937075 -0.38018515076542725 
0.0 0.4855464682224988 0.3954603307001472 -0.5538201460748016 0.8751625246454526 0.7993747618828604 -0.4858789982135734 
828.0 0.776531286849099 -0.6708394916783809 -0.4977522605235498 -0.5836097820640915 0.7714963823937075 -0.6172077614886033 
6896.0 -0.6231929061264456 -0.8483914090040252 -0.5635477871101637 0.36407516967917597 0.6686358252207043 -0.4858789982135734 
628.0 -0.9337172772669957 -0.5581652719260719 0.5078720697260102 0.9042730829967631 0.46869260759651965 -0.43494364436705957 
1184.0 0.13292808385177146 -0.5539079334536867 -0.6147345383724541 0.6466560541736135 0.7716990310323337 -0.8810663649660284 
0.0 -0.6117941325422791 0.1887960064420573 -0.8574371844227475 0.5528948727436331 0.7716990310323337 -0.3076859711600983 
292.0 0.07721133251739754 -0.2880166560815631 -0.5208627452744565 -0.5717172399075432 0.9600156424726332 -0.29795924028515164 
3460.0 -0.36119424882538764 -0.2880166560815631 -0.327095527171094 0.8439594347941082 0.033672022651782374 -0.1791328916147512 
152.0 0.1960786399928951 -0.4854452846517483 0.8767502416806419 -0.6158489077074458 -0.018718320793187804 -0.5706446665572209 
24.0 -0.14067323928511488 0.00513956998232068 -0.7011498936553151 -0.4799718884139432 0.11663262652973705 -0.08283346161728566 
2544.0 -0.3116998974435856 -0.9850184809560099 -0.9980265213071693 0.021039181243303062 0.9890455798641475 -0.08283346161728566 
1124.0 0.5518222742897401 -0.7609384986157535 -0.457577012885225 -0.2506700796307282 0.7714963823937075 -0.02963200337361771 
3300.0 -0.7082698348024452 -0.9228722625911576 -0.9602244777845903 0.8148129663992867 -0.2919074657928904 -0.6193034522404883 
256.0 0.8430472518659464 -0.6712012179453659 0.8165036278861588 0.23036349343482043 -0.4500895030430574 -0.7150216029195704 
712.0 -0.8553906679300411 -0.5539079334536867 0.5078720697260102 0.6466560541736135 0.7716990310323337 -0.24853308151710607 
1464.0 0.3951798639564792 -0.5755585937168792 -0.5468176538622329 -0.9373107875922551 0.32209660445010346 -0.12549688422397431 
8636.0 -0.12218401551957636 -0.4123502611228598 -0.768840436023889 -0.002794073791650309 0.3114046846859595 -0.10984458002859965 
0.0 -0.817273350734085 0.6890718354298868 -0.768840436023889 0.021039181243303062 0.3114046846859595 -0.10984458002859965 
1048.0 0.8683114433901453 -0.8385856125391384 -0.5158244956822167 0.5134708753018844 0.35240536579427517 -0.015633197118106512 
1640.0 0.5518222742897401 -0.9684846594440448 -0.457577012885225 -0.6711422806309189 0.3171373368020196 -0.39312801305167766 
364.0 0.6807490006246346 -0.4427875434302935 -0.768840436023889 0.4647722850439395 0.7141287339364915 -0.1188174970014968 
1660.0 0.933863431315084 -0.3302400327414705 -0.8574371844227475 -0.6158489077074458 -0.24471728644048563 -0.5706446665572209 
136.0 0.9898961608829644 -0.5022155895746141 -0.016034873888030043 -0.5717172399075432 0.9600156424726332 -0.31001362141266897 
340.0 -0.817273350734085 -0.4123502611228598 0.6994696599569303 -0.537296574271398 -0.5417336580682057 -0.10290549049347364 
4096.0 -0.6744288793563122 -0.1996181169016007 -0.7713150465024836 0.8564501081283236 0.0658266773636278 -0.15068801231963946 
0.0 -0.29554411849235196 -0.16743435047408917 -0.5208627452744565 0.1197664651959589 0.9600156424726332 0.06139378867950862 
5564.0 -0.6850221685679012 -0.6708394916783809 -0.15706734432594915 -0.6711422806309189 0.7714963823937075 -0.36715299677238833 
9032.0 -0.8442659188410033 -0.8553368156008259 -0.7713150465024836 0.7150095862464345 0.47156455382625784 -0.27946620396500843 
572.0 -0.6744288793563122 -0.1996181169016007 -0.06952413011878678 -0.4799718884139432 0.0658266773636278 0.04642539443165239 
2276.0 0.6877938966495911 -0.7578681678980832 -0.7038397455838685 -0.28345172329033064 -0.7919877256824253 -0.6172077614886033 
17536.0 0.16049319809176454 -0.9850184809560099 -0.6291226078283896 -0.6158489077074458 0.20919202612841414 -0.40739961189505736 
1140.0 -0.6744288793563122 -0.1996181169016007 -0.5965662648625161 -0.37630768242747115 0.2536010034719134 -0.7300922229743265 
1116.0 -0.9717676986183785 -0.4123502611228598 -0.5861271950840741 -0.537296574271398 0.3114046846859595 -0.8567377620895029 
16336.0 -0.6117941325422791 -0.7483863493686538 -0.6147345383724541 -0.5717172399075432 0.7716990310323337 -0.24853308151710607 
16.0 0.2808245118792527 0.11063757328150858 -0.3545926572283835 0.23036349343482043 0.6719388114893299 -0.9914981538740146 
872.0 -0.817273350734085 -0.22502417126740615 -0.38727878967974316 -0.18960455846878754 0.3114046846859595 -0.7532785112320886 
9012.0 -0.6589543717225419 0.00513956998232068 -0.7011498936553151 0.01658713697219838 0.3114046846859595 -0.10984458002859965 
288.0 0.3493932421043797 -0.3828545377832855 -0.5208627452744565 0.03698354905530077 0.9600156424726332 -0.029877797452140253 
19284.0 -0.11976958854523212 -0.9714673468470465 -0.4982336010031101 -0.4799718884139432 0.15617222656700314 -0.04787250658538511 
576.0 -0.2853257441048538 -0.9714673468470465 0.5078720697260102 -0.11637336672367216 0.5963499189745849 -0.04787250658538511 
11248.0 0.36623978674659474 -0.8293262767890814 -0.6291226078283896 -0.2506700796307282 -0.24471728644048563 -0.39312801305167766 
892.0 -0.17826236937517215 -0.35661437017902875 -0.4977522605235498 -0.5836097820640915 0.016775161914388326 -0.65084266822263 
3680.0 -0.09927493448794023 -0.8867325897425451 -0.9560456839625835 -0.37630768242747115 -0.5585010156097112 -0.7300922229743265 
2648.0 -0.6694715887646987 -0.06928914454987556 -0.7713150465024836 -0.8581521253135374 -0.22975940428449992 -0.15068801231963946 
2012.0 0.13292808385177146 -0.8803131323362399 -0.4982336010031101 0.8148129663992867 0.15617222656700314 -0.7819573242284743 
9996.0 -0.12218401551957636 -0.9850184809560099 -0.6338785047954711 0.01658713697219838 0.11663262652973705 -0.08283346161728566 
1216.0 0.2631886350639183 -0.6708394916783809 -0.5208627452744565 -0.5717172399075432 0.7714963823937075 -0.8882437115114037 
40.0 -0.43175546591508485 -0.2122275927172541 0.8368185418663818 -0.537296574271398 0.47156455382625784 -0.27946620396500843 
19000.0 -0.8672874878801331 -0.6708394916783809 -0.8574371844227475 -0.5836097820640915 0.7714963823937075 -0.3076859711600983 
0.0 -0.24945154527947078 0.13049015948793197 -0.6147345383724541 0.9005079047145634 0.7716990310323337 -0.24853308151710607 
1208.0 -0.041935291501049576 -0.31831316038054247 -0.5861271950840741 0.8148129663992867 -0.8570427679934927 -0.46671209646798095 
1288.0 -0.17826236937517215 -0.35661437017902875 -0.9602244777845903 0.8148129663992867 -0.7020477251018356 -0.65084266822263 
3952.0 -0.3116998974435856 -0.5575980960169094 -0.9560456839625835 0.01658713697219838 0.2536010034719134 -0.7300922229743265 
4204.0 0.020108493504148228 -0.711511273321296 -0.2001391243222681 0.49432817784468996 -0.2919074657928904 -0.23734479332458513 
704.0 0.5046251993802389 -0.6804799199510614 0.2767891619857443 0.9649505540838945 0.37399989365812325 -0.36321342147750024 
6448.0 -0.12218401551957636 -0.9850184809560099 -0.2001391243222681 0.2782641533534267 -0.12459599302360469 -0.40739961189505736 
2888.0 -0.01195250535936232 -0.8293262767890814 -0.6291226078283896 0.7150095862464345 -0.24471728644048563 -0.5706446665572209 
816.0 0.020108493504148228 -0.5351579494514687 0.11145923864786988 -0.3289927511495432 -0.2919074657928904 -0.6193034522404883 
13900.0 -0.6117941325422791 -0.711511273321296 -0.6147345383724541 0.49432817784468996 0.7716990310323337 -0.24853308151710607 
264.0 -0.12218401551957636 -0.37756314137206126 0.4640722399889661 -0.13289545927344548 0.32808987471026896 -0.8911269300670779 
4396.0 -0.12218401551957636 -0.3991466347569177 -0.457577012885225 0.021039181243303062 0.20919202612841414 -0.40739961189505736 
8568.0 -0.9337172772669957 -0.4123502611228598 -0.12866096010702632 0.21256176387479586 0.7902754641166352 -0.10984458002859965 
3144.0 -0.08231175384434164 -0.3302400327414705 -0.9650440384965948 0.49432817784468996 0.4305162339074484 -0.45637239413131714 
18428.0 -0.3512336386858208 -0.9850184809560099 -0.9980265213071693 -0.8919945737350612 0.20919202612841414 -0.40739961189505736 
648.0 0.7188589330000847 -0.4123502611228598 -0.768840436023889 -0.537296574271398 0.4471072322305869 -0.10984458002859965 
4428.0 -0.817273350734085 -0.4123502611228598 -0.7981016372287819 0.1197664651959589 -0.410551213454432 -0.015633197118106512 
6272.0 -0.3116998974435856 -0.9714673468470465 -0.7011498936553151 0.01658713697219838 0.46869260759651965 -0.08283346161728566 
344.0 0.6614551714339802 -0.16743435047408917 -0.15706734432594915 -0.6711422806309189 -0.410551213454432 -0.36715299677238833 
1216.0 0.4078401102334339 -0.7578681678980832 -0.4977522605235498 -0.5836097820640915 0.7714963823937075 -0.38018515076542725 
1636.0 -0.6117941325422791 -0.5539079334536867 -0.2001391243222681 0.49432817784468996 -0.5767105609284116 -0.24853308151710607 
13288.0 -0.3116998974435856 -0.7483863493686538 -0.7011498936553151 -0.5717172399075432 0.10642797946424443 -0.08283346161728566 
20.0 -0.817273350734085 -0.8553368156008259 -0.768840436023889 -0.537296574271398 0.3114046846859595 0.4254904441336971 
0.0 0.13292808385177146 0.7543261227353897 -0.4982336010031101 -0.4799718884139432 0.47156455382625784 -0.27588509082480606 
1236.0 0.6877938966495911 -0.4570960277237952 -0.37859582938766456 -0.37630768242747115 -0.26798877368796403 -0.6172077614886033 
1068.0 0.36623978674659474 -0.21708079910059652 -0.6291226078283896 -0.537296574271398 0.3114046846859595 -0.5706446665572209 
6028.0 -0.9863831639668097 -0.9228722625911576 -0.327095527171094 -0.3289927511495432 0.033672022651782374 -0.1791328916147512 
1652.0 -0.12218401551957636 -0.9850184809560099 -0.327095527171094 0.021039181243303062 0.8564390472161314 -0.1791328916147512 
6004.0 -0.9955754198231401 -0.8553368156008259 -0.5208627452744565 -0.8581521253135374 0.9600156424726332 -0.15068801231963946 
1888.0 -0.6744288793563122 -0.1996181169016007 -0.06952413011878678 -0.8581521253135374 -0.24398241174398194 -0.03992410338659913 
596.0 0.7596917655148139 -0.5954786607432578 -0.23867739845668545 0.7150095862464345 0.4861899946404724 -0.27946620396500843 
21064.0 0.13292808385177146 -0.8803131323362399 -0.6147345383724541 -0.21122147464454555 0.15617222656700314 -0.24853308151710607 
384.0 -0.17826236937517215 -0.06504188035013048 -0.8973961365309906 -0.8581521253135374 -0.22975940428449992 -0.65084266822263 
4440.0 0.07721133251739754 -0.2880166560815631 -0.46820659717728663 -0.9373107875922551 -0.3609464645841589 -0.12549688422397431 
1396.0 -0.5517998935794057 0.00513956998232068 -0.327095527171094 0.01658713697219838 0.033672022651782374 -0.1791328916147512 
9124.0 0.4689278236612131 -0.8553368156008259 -0.4977522605235498 -0.8581521253135374 -0.22975940428449992 -0.38018515076542725 
3616.0 0.06970530699919619 -0.5755585937168792 -0.7017710819316969 -0.2506700796307282 0.3171373368020196 -0.12549688422397431 
5760.0 0.13292808385177146 -0.8803131323362399 -0.06952413011878678 0.8564501081283236 0.15617222656700314 -0.27588509082480606 
3148.0 0.14505117142557156 -0.4153825285748345 -0.585491434023542 0.04136665557873309 0.3114046846859595 -0.4013617372587648 
28.0 0.8044923476813468 0.00513956998232068 -0.4977522605235498 -0.5836097820640915 0.7714963823937075 -0.08283346161728566 
836.0 -0.6694715887646987 -0.9684846594440448 0.2317024385329134 0.7405193794792331 -0.45279018942750326 -0.9282827159297444 
1468.0 -0.08231175384434164 -0.8293262767890814 0.4136494276093017 -0.6158489077074458 -0.24471728644048563 -0.3076859711600983 
4412.0 -0.3116998974435856 -0.1996181169016007 -0.06952413011878678 0.8564501081283236 0.0658266773636278 -0.08283346161728566 
332.0 0.8683114433901453 -0.16743435047408917 -0.8516007519302842 -0.550694123859373 0.6096111195993532 -0.830442489308101 
1944.0 -0.13294190590666033 -0.855360872498169 -0.6291226078283896 -0.6424167912212617 -0.24471728644048563 -0.8804778495111609 
3804.0 -0.2274666768397755 -0.6708394916783809 -0.3545926572283835 0.5092326762437545 0.6719388114893299 -0.38018515076542725 
364.0 0.9940260014207631 -0.3828545377832855 -0.021321501221750916 0.7929711139993179 0.4471072322305869 -0.5892592354093871 
2344.0 -0.43175546591508485 -0.2122275927172541 -0.5468176538622329 0.6944958820984561 -0.22975940428449992 -0.27946620396500843 
9296.0 -0.6117941325422791 -0.9684846594440448 -0.6147345383724541 0.6466560541736135 0.7993747618828604 -0.24853308151710607 
8.0 0.06970530699919619 0.00513956998232068 -0.46820659717728663 -0.9373107875922551 0.11663262652973705 -0.12549688422397431 
2836.0 -0.6694715887646987 -0.5452093190039411 -0.15706734432594915 0.8564501081283236 0.7993747618828604 -0.36715299677238833 
848.0 0.4568115464726006 -0.5755585937168792 -0.7011498936553151 -0.9373107875922551 0.32209660445010346 -0.12549688422397431 
1696.0 -0.817273350734085 -0.4123502611228598 -0.12866096010702632 0.21256176387479586 0.850112665734845 -0.43494364436705957 
0.0 0.4088697997442525 -0.6708394916783809 -0.6409860538761365 -0.5836097820640915 0.7714963823937075 0.46225289378445766 
22568.0 -0.12218401551957636 -0.9850184809560099 -0.9980265213071693 0.7903031169363124 0.20919202612841414 -0.36715299677238833 
0.0 0.6871554477967659 -0.8293262767890814 -0.23409428444221536 0.7405316067862495 -0.2396420242089774 0.8524097118951974 
1444.0 -0.8672874878801331 -0.6712012179453659 -0.4977522605235498 0.9575625741147584 0.6719388114893299 -0.9914981538740146 
0.0 0.26449522162639005 -0.6804799199510614 0.2767891619857443 0.8148129663992867 0.1407057465856818 0.8785169793065375 
12644.0 -0.5134782135730873 -0.6708394916783809 -0.23867739845668545 -0.5836097820640915 0.4861899946404724 -0.28824204225891026 
1324.0 -0.29554411849235196 -0.7483863493686538 -0.4977522605235498 -0.5836097820640915 0.9600156424726332 -0.8882437115114037 
0.0 -0.12218401551957636 0.30194421355852175 -0.327095527171094 0.021039181243303062 0.20919202612841414 -0.1791328916147512 
9368.0 -0.17048624500134113 -0.711511273321296 -0.7011498936553151 0.01658713697219838 -0.12459599302360469 -0.08283346161728566 
636.0 -0.817273350734085 -0.4123502611228598 -0.1269707302397467 -0.537296574271398 -0.7919877256824253 -0.46671209646798095 
796.0 0.28911789740735716 -0.891329132083857 -0.15706734432594915 -0.6711422806309189 0.7993747618828604 -0.09887512108626706 
1736.0 0.4739828036903986 -0.35661437017902875 -0.8973961365309906 0.16638634404867636 -0.22975940428449992 -0.65084266822263 
936.0 -0.6117941325422791 -0.46613663900976676 0.24417335320006717 0.4770780530703571 0.3897653703445376 -0.40373371291111115 
5172.0 0.6049662009134484 -0.7578681678980832 -0.8075831628200043 0.8148129663992867 -0.3847040885795283 -0.46671209646798095 
888.0 -0.6694715887646987 -0.3828545377832855 -0.15706734432594915 0.03698354905530077 0.43501192265755884 -0.7295557521264489 
3308.0 -0.12218401551957636 -0.711511273321296 -0.2001391243222681 0.021039181243303062 0.21220241547844987 -0.45637239413131714 
5532.0 -0.3116998974435856 -0.3302400327414705 -0.7011498936553151 0.01658713697219838 0.11663262652973705 -0.3076859711600983 
4328.0 -0.12218401551957636 -0.9850184809560099 -0.13344081473879865 0.021039181243303062 0.20919202612841414 -0.5892592354093871 
46456.0 0.2349971705720988 -0.8553368156008259 -0.021321501221750916 0.03698354905530077 -0.22975940428449992 -0.15068801231963946 
6328.0 0.07721133251739754 -0.6322762791737442 -0.327095527171094 -0.37630768242747115 0.2536010034719134 -0.1791328916147512 
9064.0 -0.817273350734085 -0.7718203336457083 -0.768840436023889 0.5528948727436331 0.3114046846859595 -0.3076859711600983 
960.0 -0.7337409769690919 -0.37756314137206126 0.05732135026482976 -0.22050060907129332 0.32808987471026896 -0.34081837660654823 
24416.0 -0.12218401551957636 -0.9850184809560099 -0.9980265213071693 -0.6711422806309189 -0.13546791471613084 -0.36715299677238833 
1816.0 0.6871554477967659 -0.9335916536705278 -0.6291226078283896 0.7405316067862495 -0.24471728644048563 -0.7385434129645547 
1024.0 0.10886537293021381 -0.37756314137206126 -0.6409860538761365 -0.13289545927344548 -0.12459599302360469 -0.8911269300670779 
764.0 -0.6744288793563122 -0.1996181169016007 -0.06952413011878678 0.021039181243303062 0.0658266773636278 -0.40739961189505736 
1152.0 0.10886537293021381 -0.4570960277237952 -0.2001391243222681 0.04792599734284497 -0.12459599302360469 -0.45637239413131714 
22572.0 -0.12218401551957636 -0.9850184809560099 -0.9980265213071693 0.14561181758028674 0.20919202612841414 -0.12549688422397431 
3612.0 -0.6744288793563122 -0.1996181169016007 -0.4982336010031101 0.8564501081283236 0.0658266773636278 -0.038154331204511394 
144.0 0.020108493504148228 0.06522529401560728 -0.7961286146623932 0.7150095862464345 -0.2919074657928904 -0.6193034522404883 
628.0 0.6849530532454282 -0.5539079334536867 -0.9304096158079243 0.8439594347941082 0.7716990310323337 -0.24853308151710607 
15164.0 -0.5286043389239417 -0.8803131323362399 -0.46820659717728663 -0.4799718884139432 0.32209660445010346 -0.12549688422397431 
1704.0 0.10886537293021381 -0.711511273321296 0.17673704738637297 0.12529383220423873 -0.22366840578409608 -0.45637239413131714 
1020.0 0.6871554477967659 -0.9335916536705278 -0.4977522605235498 0.7405316067862495 0.7714963823937075 -0.7385434129645547 
10652.0 -0.43175546591508485 -0.711511273321296 -0.2001391243222681 0.7150095862464345 0.47156455382625784 -0.27946620396500843 
3636.0 0.07721133251739754 -0.2880166560815631 -0.016034873888030043 0.8894822876785806 0.033672022651782374 -0.1015431404992233 
23048.0 -0.6587904245489093 -0.8867325897425451 -0.6147345383724541 -0.3855004322608506 0.7716990310323337 -0.24853308151710607 
16700.0 -0.3116998974435856 0.00513956998232068 -0.7011498936553151 0.01658713697219838 0.20919202612841414 -0.11840080553193921 
14900.0 -0.43175546591508485 -0.2122275927172541 -0.5468176538622329 0.7150095862464345 0.24430173799281185 -0.12549688422397431 
14400.0 -0.8819317950009 -0.5539079334536867 -0.5208627452744565 -0.5717172399075432 0.9600156424726332 -0.24853308151710607 
5628.0 0.8723519897603975 -0.6925285701202526 -0.9602244777845903 0.8035135824850388 -0.7919877256824253 -0.46671209646798095 
892.0 0.30002181057972965 -0.9684846594440448 -0.15706734432594915 -0.6711422806309189 0.7993747618828604 -0.5304520680880929 
7848.0 -0.8672874878801331 -0.5575980960169094 -0.9560456839625835 0.36527310381305633 0.2536010034719134 -0.38018515076542725 
4324.0 -0.8733326238918473 -0.3828545377832855 -0.327095527171094 0.24354912725536537 0.033672022651782374 -0.1791328916147512 
0.0 -0.17826236937517215 -0.6708394916783809 -0.8973961365309906 0.16638634404867636 0.7714963823937075 0.13118021405850944 
22304.0 0.36623978674659474 -0.5539079334536867 -0.6147345383724541 0.669616672728077 -0.24471728644048563 -0.24853308151710607 
7424.0 -0.09927493448794023 -0.8553368156008259 -0.9560456839625835 -0.37630768242747115 -0.22975940428449992 -0.29899059741873746 
184.0 -0.3116998974435856 0.00513956998232068 -0.4982336010031101 -0.4799718884139432 0.15617222656700314 -0.8147504406789512 
32164.0 -0.12218401551957636 -0.9850184809560099 -0.9560456839625835 0.021039181243303062 0.2536010034719134 -0.40739961189505736 
1460.0 -0.6694715887646987 -0.2880166560815631 -0.15706734432594915 0.6533718640468082 0.7993747618828604 -0.36715299677238833 
888.0 0.2808245118792527 -0.5043303481377266 -0.7109159272347694 -0.5753228917125326 0.9951226237468689 -0.8062593616439624 
3184.0 0.13292808385177146 -0.8803131323362399 -0.4982336010031101 -0.4799718884139432 0.5151686432474798 -0.5346952180095288 
872.0 0.36623978674659474 -0.705391116048917 0.5078720697260102 0.9042730829967631 0.46869260759651965 -0.04787250658538511 
9704.0 0.020108493504148228 -0.9850184809560099 -0.9980265213071693 0.021039181243303062 -0.2919074657928904 -0.40739961189505736 
988.0 -0.9961695909258617 -0.35661437017902875 -0.8973961365309906 0.03698354905530077 -0.7059730643779216 -0.65084266822263 
284.0 -0.817273350734085 0.006813581580652928 -0.768840436023889 -0.537296574271398 0.32808987471026896 -0.8911269300670779 
1864.0 0.4855464682224988 -0.8483914090040252 -0.6291226078283896 0.8751625246454526 0.6686358252207043 -0.5706446665572209 
1320.0 0.6840822186836668 -0.8879145302442781 -0.021321501221750916 -0.8082981599056418 -0.1864777609620818 -0.029877797452140253 
2180.0 -0.17826236937517215 -0.7483863493686538 -0.5208627452744565 0.16638634404867636 0.9600156424726332 -0.30391130735478167 
736.0 -0.9961695909258617 -0.3828545377832855 -0.021321501221750916 0.8439594347941082 0.43501192265755884 -0.8062593616439624 
22712.0 -0.6694715887646987 -0.9684846594440448 -0.6147345383724541 0.6466560541736135 0.7716990310323337 -0.24853308151710607 
11088.0 -0.12218401551957636 -0.9850184809560099 -0.8075831628200043 0.793231369626999 0.20919202612841414 -0.5217554965452171 
2332.0 -0.959826133322943 -0.9850184809560099 -0.9980265213071693 0.5267621804607261 -0.26940866186948975 -0.8681082597788263 
1676.0 0.7234473436308555 -0.9684846594440448 -0.15706734432594915 0.01658713697219838 0.11663262652973705 -0.36715299677238833 
2408.0 -0.10209299143430495 -0.6708394916783809 -0.4977522605235498 -0.3681480619136097 0.5788578603639833 -0.8108141825852817 
2088.0 0.8723519897603975 -0.7578681678980832 -0.9980265213071693 -0.20988450681450477 0.20919202612841414 -0.40739961189505736 
2544.0 0.36623978674659474 -0.8483914090040252 -0.6291226078283896 -0.6158489077074458 -0.8371346251398151 -0.4858789982135734 
816.0 -0.6694715887646987 -0.2880166560815631 -0.15706734432594915 0.24354912725536537 0.7993747618828604 -0.36715299677238833 
2468.0 -0.817273350734085 0.00513956998232068 -0.768840436023889 0.01658713697219838 0.8066077090911665 -0.08283346161728566 
6412.0 -0.9955754198231401 -0.8553368156008259 -0.7713150465024836 -0.606446486246184 0.7714963823937075 -0.15068801231963946 
296.0 0.8971030497218095 -0.2122275927172541 -0.5468176538622329 -0.5717172399075432 0.47156455382625784 -0.27946620396500843 
112.0 0.13292808385177146 -0.35661437017902875 0.6407254335502051 -0.4799718884139432 0.016775161914388326 -0.27588509082480606 
0.0 -0.817273350734085 0.6149976365342009 -0.768840436023889 -0.537296574271398 0.3114046846859595 -0.7385434129645547 
13264.0 -0.08231175384434164 -0.011054408921307601 -0.8574371844227475 0.5528948727436331 0.11663262652973705 -0.08283346161728566 
3040.0 -0.05653618968343532 -0.711511273321296 -0.2001391243222681 0.49432817784468996 -0.12459599302360469 -0.43494364436705957 
7452.0 -0.12218401551957636 -0.9850184809560099 -0.9980265213071693 0.021039181243303062 0.0658266773636278 -0.03992410338659913 
0.0 0.26011689327132137 -0.171795086015043 -0.7730471884327472 0.010772401870552617 0.5664497239887123 0.41384062191400095 
17548.0 0.07721133251739754 -0.711511273321296 -0.4296943878346591 0.24354912725536537 0.033672022651782374 -0.1791328916147512 
11668.0 -0.3116998974435856 -0.9684846594440448 -0.13024600114837726 -0.6711422806309189 0.11663262652973705 -0.08283346161728566 
1128.0 0.5588275597961709 -0.6708394916783809 -0.9980265213071693 0.021039181243303062 0.7714963823937075 -0.38018515076542725 
332.0 0.6877938966495911 -0.7483863493686538 0.9124389077946313 0.04792599734284497 -0.26798877368796403 -0.8882437115114037 
0.0 -0.08231175384434164 0.7957116291937876 -0.327095527171094 0.5528948727436331 0.033672022651782374 -0.1791328916147512 
5064.0 -0.08231175384434164 -0.3302400327414705 -0.8574371844227475 0.021039181243303062 0.4305162339074484 -0.40739961189505736 
25856.0 0.020108493504148228 -0.9850184809560099 -0.9980265213071693 -0.3289927511495432 0.20919202612841414 -0.40739961189505736 
7188.0 -0.817273350734085 -0.4123502611228598 -0.7961286146623932 -0.537296574271398 -0.1406624815003774 -0.10984458002859965 
2320.0 -0.3116998974435856 -0.4481854878856857 -0.7038397455838685 0.01658713697219838 0.11663262652973705 -0.6172077614886033 
1936.0 0.06352500551738616 -0.5043303481377266 -0.327095527171094 0.8439594347941082 -0.8190366927313011 -0.1791328916147512 
6764.0 -0.02799380364070192 -0.35661437017902875 -0.5468176538622329 0.7150095862464345 0.016775161914388326 -0.27946620396500843 
2248.0 -0.6587904245489093 -0.8867325897425451 -0.6809149567764963 -0.8802746813377285 -0.7317673388821562 -0.6172077614886033 
1324.0 -0.29554411849235196 -0.5119010830401829 -0.5208627452744565 0.26645712630721685 0.5151686432474798 -0.8882437115114037 
968.0 -0.3116998974435856 0.00513956998232068 -0.7011498936553151 0.3872441461656515 0.11663262652973705 -0.40739961189505736 
2068.0 -0.6694715887646987 -0.9684846594440448 -0.016034873888030043 -0.6711422806309189 -0.9946073474514909 -0.36715299677238833 
1384.0 -0.29554411849235196 -0.7483863493686538 -0.768840436023889 -0.537296574271398 -0.600205480742716 -0.8882437115114037 
6704.0 -0.9961695909258617 -0.9850184809560099 -0.9980265213071693 0.03698354905530077 0.20919202612841414 -0.40739961189505736 
880.0 0.4088697997442525 -0.37756314137206126 -0.5635477871101637 -0.13289545927344548 -0.2874632264688082 -0.8911269300670779 
3268.0 -0.3116998974435856 0.00513956998232068 -0.7961286146623932 -0.3289927511495432 0.11663262652973705 -0.08283346161728566 
4668.0 0.06970530699919619 -0.171795086015043 -0.7730471884327472 -0.9373107875922551 0.32209660445010346 -0.12549688422397431 
4648.0 0.46763152752144177 -0.9228722625911576 -0.7961286146623932 -0.3289927511495432 -0.45279018942750326 -0.6193034522404883 
13508.0 -0.10653931101981251 -0.2880166560815631 -0.327095527171094 0.01658713697219838 0.11663262652973705 -0.08283346161728566 
6668.0 -0.817273350734085 -0.8483914090040252 -0.5538201460748016 0.8751625246454526 0.6686358252207043 -0.10984458002859965 
0.0 0.36623978674659474 -0.8293262767890814 0.10931921141166612 -0.46082956712618683 -0.24471728644048563 0.5170662226992102 
5044.0 -0.9291496919262554 0.00513956998232068 -0.768840436023889 0.01658713697219838 0.3114046846859595 -0.08283346161728566 
384.0 -0.7337409769690919 -0.13763591586906299 0.05732135026482976 0.021039181243303062 -0.337748853571437 -0.40739961189505736 
2248.0 -0.1875962098538162 -0.4774731692056853 -0.6749162637780823 0.5560681204841333 0.5902310518894425 -0.7300922229743265 
4868.0 0.020108493504148228 -0.5575980960169094 -0.9560456839625835 -0.6165778408069229 0.2536010034719134 -0.7300922229743265 
9188.0 -0.42009538500397947 -0.3828545377832855 -0.7011498936553151 0.01658713697219838 0.43501192265755884 -0.029877797452140253 
15016.0 -0.43175546591508485 -0.9684846594440448 -0.15706734432594915 0.7150095862464345 0.15744999696821704 -0.27946620396500843 
1036.0 0.2808245118792527 -0.11894264596606341 -0.6147345383724541 0.8439594347941082 -0.8190366927313011 -0.24853308151710607 
40108.0 -0.08231175384434164 -0.9850184809560099 -0.9980265213071693 0.44952160560899945 0.20919202612841414 -0.40739961189505736 
1248.0 -0.8672874878801331 -0.6708394916783809 -0.5465243700933671 0.9492495425955105 -0.7558694853606946 -0.7607386433494834 
6056.0 -0.43175546591508485 -0.8293262767890814 -0.5468176538622329 0.7150095862464345 -0.24471728644048563 -0.27946620396500843 
12008.0 0.10886537293021381 -0.711511273321296 -0.06952413011878678 0.11698248077049156 -0.12459599302360469 -0.03992410338659913 
10468.0 -0.12218401551957636 -0.4123502611228598 -0.9980265213071693 -0.537296574271398 0.3114046846859595 -0.22363979912616672 
600.0 0.6871554477967659 -0.4123502611228598 -0.23409428444221536 0.9707355759966803 0.3114046846859595 -0.10984458002859965 
276.0 0.6049662009134484 -0.1996181169016007 -0.06952413011878678 0.2956998386423464 0.0658266773636278 -0.03992410338659913 
2496.0 -0.9750050067039198 -0.8293262767890814 -0.6291226078283896 0.6466560541736135 -0.24471728644048563 -0.5706446665572209 
872.0 -0.8672874878801331 0.00513956998232068 -0.642348627445879 0.01658713697219838 0.11663262652973705 -0.38018515076542725 
8.0 0.8349909768175428 0.00513956998232068 -0.4982336010031101 0.01658713697219838 0.15617222656700314 -0.08283346161728566 
1352.0 -0.10209299143430495 -0.8451997916227085 -0.09232952844331299 -0.550694123859373 0.6155520791994846 -0.8108141825852817 
2412.0 0.5457912012394186 -0.935264906085429 -0.6147345383724541 0.7929711139993179 0.4471072322305869 -0.3431785210426659 
5380.0 -0.817273350734085 0.00513956998232068 -0.7011498936553151 0.01658713697219838 0.3114046846859595 -0.08283346161728566 
1204.0 -0.817273350734085 -0.4123502611228598 0.16510620505585138 -0.537296574271398 -0.22975940428449992 -0.15068801231963946 
2088.0 -0.9337172772669957 -0.45744637372446184 -0.30580365521943387 0.21256176387479586 0.850112665734845 -0.6193034522404883 
2348.0 0.26449522162639005 -0.6804799199510614 -0.4522444477678218 0.9649505540838945 0.32808987471026896 -0.36321342147750024 
30700.0 0.36623978674659474 -0.8293262767890814 -0.6291226078283896 -0.3289927511495432 -0.2919074657928904 -0.2713299130458995 
1164.0 -0.8672874878801331 -0.6708394916783809 -0.40823384138970864 -0.5836097820640915 -0.5479443797561427 -0.6929803763489142 
772.0 -0.6744288793563122 -0.1996181169016007 -0.7038397455838685 -0.31585621371934725 -0.26798877368796403 -0.6172077614886033 
872.0 0.8683114433901453 -0.935264906085429 -0.9559880158790146 0.43318418413136905 0.4471072322305869 -0.015633197118106512 
0.0 -0.09927493448794023 0.3646838334993836 -0.9559880158790146 -0.37630768242747115 -0.410551213454432 -0.015633197118106512 
0.0 -0.12218401551957636 -0.9850184809560099 -0.9980265213071693 -0.537296574271398 0.20919202612841414 0.7270465390704597 
756.0 -0.43777160974856066 -0.5043303481377266 -0.5158244956822167 0.5134708753018844 -0.8190366927313011 -0.9912060501818225 
8184.0 -0.8672874878801331 -0.9850184809560099 -0.9980265213071693 0.021039181243303062 -0.0905605981581663 -0.40739961189505736 
2088.0 -0.6744288793563122 -0.8109568932313231 -0.7038397455838685 0.04792599734284497 -0.26798877368796403 -0.6172077614886033 
1140.0 0.4088697997442525 -0.4570960277237952 -0.6409860538761365 -0.13289545927344548 0.6701965012398103 -0.8911269300670779 
16.0 0.7893035077487238 0.9851972603795116 -0.15706734432594915 0.9654814965851906 0.7993747618828604 -0.6257092574288685 
48.0 -0.08231175384434164 -0.2880166560815631 0.9748535044688846 0.24354912725536537 0.4305162339074484 -0.1791328916147512 
1968.0 0.6294123828842011 -0.8803131323362399 -0.4982336010031101 -0.9373107875922551 0.32209660445010346 -0.12549688422397431 
2608.0 -0.12218401551957636 -0.7578681678980832 -0.7834605022366832 0.021039181243303062 -0.7919877256824253 -0.46671209646798095 
328.0 0.08707120445291561 -0.21836364564437805 -0.15706734432594915 0.4969245719624691 0.33029585206460776 -0.8948278561390901 
72.0 0.6871554477967659 -0.418512274960154 0.9431704077403371 0.7405316067862495 -0.2396420242089774 -0.7385434129645547 
4968.0 -0.12218401551957636 -0.711511273321296 -0.5985223115150118 0.49432817784468996 0.20919202612841414 -0.45637239413131714 
7788.0 -0.301081374687892 -0.8553368156008259 -0.7713150465024836 -0.8581521253135374 0.7714963823937075 -0.38018515076542725 
5024.0 -0.6744288793563122 -0.4123502611228598 -0.06952413011878678 -0.537296574271398 0.08480362663841401 -0.10984458002859965 
2124.0 -0.8672874878801331 -0.8451997916227085 -0.4977522605235498 -0.5836097820640915 0.7714963823937075 -0.8108141825852817 
7536.0 -0.8553906679300411 -0.8553368156008259 -0.7713150465024836 0.9042730829967631 -0.22975940428449992 -0.15068801231963946 
9828.0 -0.43175546591508485 -0.9850184809560099 -0.5468176538622329 0.021039181243303062 0.6090517299518543 -0.40739961189505736 
952.0 -0.9955754198231401 -0.8553368156008259 0.7960551932118436 -0.6158489077074458 -0.24471728644048563 -0.15068801231963946 
1032.0 -0.2853257441048538 -0.171795086015043 -0.7730471884327472 -0.4799718884139432 0.5963499189745849 -0.8160662535588936 
6492.0 -0.8672874878801331 -0.6708394916783809 -0.768840436023889 0.8053196333605086 0.3114046846859595 -0.38018515076542725 
2064.0 -0.08231175384434164 -0.3302400327414705 -0.768840436023889 0.5528948727436331 0.4305162339074484 -0.10984458002859965 
11068.0 -0.9955754198231401 -0.3302400327414705 -0.8574371844227475 0.5528948727436331 0.8360680006314483 -0.15068801231963946 
304.0 -0.5841406764239352 -0.8720892146305537 0.8873478826765875 -0.23821446718435046 0.7714963823937075 -0.38018515076542725 
1672.0 0.06970530699919619 -0.5755585937168792 -0.46820659717728663 0.5528948727436331 0.7212255492228519 -0.3076859711600983 
3352.0 -0.17826236937517215 -0.8374321427178981 -0.9560456839625835 -0.37630768242747115 0.2536010034719134 -0.7300922229743265 
2904.0 0.35374520785332564 -0.5119010830401829 -0.6291226078283896 -0.8919945737350612 -0.24471728644048563 -0.5346952180095288 
7644.0 -0.3116998974435856 -0.9850184809560099 -0.6698264722885343 0.021039181243303062 0.11663262652973705 -0.08283346161728566 
3188.0 0.4826519938011522 -0.8803131323362399 -0.327095527171094 -0.4799718884139432 0.15617222656700314 -0.1791328916147512 
3268.0 -0.8672874878801331 -0.6708394916783809 0.5078720697260102 0.9042730829967631 0.8514165258462205 -0.04787250658538511 
176.0 0.8683114433901453 -0.16743435047408917 -0.6147345383724541 -0.10633560500239958 0.7716990310323337 -0.24853308151710607 
1152.0 -0.6744288793563122 -0.2122275927172541 -0.5468176538622329 0.8564501081283236 -0.3417273348382741 -0.27946620396500843 
5036.0 -0.3116998974435856 -0.1996181169016007 -0.06952413011878678 0.01658713697219838 0.0658266773636278 -0.03992410338659913 
1200.0 -0.8553906679300411 0.00513956998232068 -0.7011498936553151 0.9042730829967631 0.11663262652973705 -0.49702942116416415 
1168.0 0.020108493504148228 -0.9228722625911576 0.3432855286884422 0.04792599734284497 -0.2919074657928904 -0.6172077614886033 
10676.0 -0.6117941325422791 -0.5539079334536867 -0.7011498936553151 -0.41755852315750697 0.11663262652973705 -0.08283346161728566 
1744.0 0.13292808385177146 -0.8663710783397409 -0.6147345383724541 0.6466560541736135 0.7716990310323337 -0.24853308151710607 
348.0 0.6807490006246346 -0.45744637372446184 -0.23310352197709028 0.4647722850439395 0.850112665734845 -0.43494364436705957 
2624.0 0.6877938966495911 -0.7578681678980832 -0.7038397455838685 0.8148129663992867 -0.26798877368796403 -0.6172077614886033 
1368.0 -0.17826236937517215 -0.4123502611228598 -0.2641640625100008 0.16638634404867636 0.3114046846859595 -0.65084266822263 
0.0 0.020108493504148228 -0.9228722625911576 -0.8973961365309906 -0.3289927511495432 0.016775161914388326 0.6211972049087415 
3756.0 -0.2274666768397755 -0.8803131323362399 -0.4982336010031101 -0.4799718884139432 -0.5887146979385542 -0.27588509082480606 
1984.0 0.07721133251739754 -0.8520525439564739 0.33056963095826863 0.24354912725536537 0.35240536579427517 -0.1791328916147512 
1460.0 -0.43175546591508485 0.00513956998232068 -0.7011498936553151 0.01658713697219838 0.024622283104006826 -0.27946620396500843 
1568.0 -0.6694715887646987 -0.4123502611228598 -0.15706734432594915 -0.537296574271398 0.7993747618828604 -0.36715299677238833 
2552.0 0.06970530699919619 -0.4736389754647534 -0.46820659717728663 -0.4799718884139432 0.32209660445010346 -0.27588509082480606 
16.0 -0.3116998974435856 0.32687413074693583 -0.4982336010031101 0.01658713697219838 0.15617222656700314 -0.08283346161728566 
1676.0 -0.2853257441048538 -0.8293262767890814 -0.6291226078283896 0.010772401870552617 -0.24471728644048563 -0.9889254262938307 
12564.0 -0.9525661742465341 -0.9684846594440448 -0.15706734432594915 0.6466560541736135 0.7716990310323337 -0.36715299677238833 
1920.0 -0.29554411849235196 -0.7483863493686538 -0.5208627452744565 0.04675971227504161 0.9600156424726332 -0.03992410338659913 
752.0 0.36623978674659474 -0.31518512946842536 -0.768840436023889 -0.537296574271398 0.3114046846859595 -0.10984458002859965 
20.0 0.8323668288829396 0.00513956998232068 -0.7011498936553151 0.01658713697219838 0.11663262652973705 -0.24853308151710607 
2096.0 -0.6587904245489093 -0.5543065911428995 -0.9602244777845903 0.8148129663992867 -0.5585010156097112 -0.46671209646798095 
456.0 0.5518222742897401 -0.7609384986157535 -0.9524225007566909 -0.2506700796307282 0.3171373368020196 -0.015633197118106512 
20.0 -0.6744288793563122 0.22959398672054898 -0.8075831628200043 -0.15867577323864035 0.0658266773636278 -0.03992410338659913 
6208.0 0.3099544927992077 -0.9684846594440448 -0.15706734432594915 -0.6711422806309189 0.20919202612841414 -0.36715299677238833 
16.0 -0.8553906679300411 0.00513956998232068 0.5078720697260102 0.6936902179033975 0.46869260759651965 -0.08283346161728566 
3912.0 0.9898961608829644 -0.7230251554241867 -0.4977522605235498 -0.5836097820640915 -0.559791732584844 -0.31001362141266897 
1532.0 0.9898961608829644 -0.6708394916783809 -0.016034873888030043 0.8894822876785806 -0.559791732584844 -0.38018515076542725 
20848.0 0.07721133251739754 -0.9335916536705278 -0.8510378839179378 0.7405316067862495 0.033672022651782374 -0.1791328916147512 
4688.0 -0.03474611713323661 -0.5755585937168792 -0.46820659717728663 0.021039181243303062 0.32209660445010346 -0.12549688422397431 
8928.0 -0.9955754198231401 -0.8553368156008259 -0.7713150465024836 0.03698354905530077 0.43501192265755884 -0.15068801231963946 
2076.0 -0.9961695909258617 -0.278058815377056 -0.6288272377134665 0.03698354905530077 0.5664497239887123 -0.7532785112320886 
444.0 -0.3116998974435856 0.00513956998232068 -0.7011498936553151 0.5355252643934008 0.5963499189745849 -0.08283346161728566 
8596.0 -0.08231175384434164 -0.7609384986157535 -0.8574371844227475 -0.6764320984013812 0.4305162339074484 -0.3076859711600983 
32.0 -0.9961695909258617 -0.3828545377832855 0.8286647596930257 0.03698354905530077 0.47156455382625784 -0.029877797452140253 
440.0 0.36623978674659474 -0.2122275927172541 -0.0666532859895479 -0.6158489077074458 0.47156455382625784 -0.5706446665572209 
0.0 0.9024401377577664 0.3899143776752818 -0.9112189877239993 0.340639248959963 0.5788578603639833 -0.8108141825852817 
0.0 0.5518222742897401 -0.7609384986157535 -0.457577012885225 -0.2506700796307282 0.9600156424726332 0.6221378437402472 
20116.0 -0.43175546591508485 -0.8232071401854666 -0.9980265213071693 0.7150095862464345 0.20919202612841414 -0.27946620396500843 
3728.0 -0.9955754198231401 -0.12183230961489833 -0.7713150465024836 0.03698354905530077 -0.22975940428449992 -0.029877797452140253 
0.0 -0.6117941325422791 -0.9850184809560099 -0.6147345383724541 0.021039181243303062 0.7716990310323337 0.41654879947026835 
6052.0 -0.08231175384434164 -0.3302400327414705 -0.327095527171094 0.5528948727436331 0.033672022651782374 -0.1737375332629365 
524.0 -0.6694715887646987 -0.07065732321759932 -0.15706734432594915 0.01658713697219838 0.7993747618828604 -0.36715299677238833 
6684.0 -0.9955754198231401 -0.8293262767890814 -0.8554788011779246 -0.8581521253135374 -0.24471728644048563 -0.15068801231963946 
8.0 -0.6117941325422791 0.05475297923447098 -0.9560456839625835 -0.37630768242747115 0.7716990310323337 -0.24853308151710607 
18568.0 -0.16223265416396337 -0.8803131323362399 -0.4982336010031101 0.8894822876785806 0.15617222656700314 -0.27588509082480606 
3056.0 -0.6694715887646987 -0.9684846594440448 -0.5921733518224639 -0.6711422806309189 0.7993747618828604 -0.03992410338659913 
9644.0 0.13292808385177146 -0.8803131323362399 -0.4249296267609244 -0.4799718884139432 0.32209660445010346 -0.27588509082480606 
1832.0 -0.2274666768397755 -0.6903995507655176 -0.7011498936553151 0.23036349343482043 0.11663262652973705 -0.9914981538740146 
7360.0 -0.6694715887646987 -0.9684846594440448 -0.7011498936553151 -0.6711422806309189 0.7670261860586367 -0.08283346161728566 
1044.0 0.10886537293021381 -0.7483863493686538 -0.2001391243222681 0.49432817784468996 -0.12459599302360469 -0.8882437115114037 
15124.0 0.18075295681324355 -0.2880166560815631 -0.7011498936553151 0.24354912725536537 0.033672022651782374 -0.1791328916147512 
1420.0 0.06970530699919619 -0.5755585937168792 -0.46820659717728663 0.9966239525685741 -0.7919877256824253 -0.46671209646798095 
2564.0 -0.817273350734085 -0.25574191295305604 -0.768840436023889 0.531681525978476 -0.6028044424256964 -0.10984458002859965 
32.0 -0.8553906679300411 0.2649378826380553 -0.8973961365309906 0.9042730829967631 0.46869260759651965 -0.04787250658538511 
6320.0 -0.6694715887646987 -0.5539079334536867 -0.15706734432594915 0.6466560541736135 0.2862632967501535 -0.24853308151710607 
2928.0 -0.9955754198231401 -0.2880166560815631 -0.327095527171094 0.24354912725536537 0.6782408640092688 -0.15068801231963946 
1116.0 -0.9337172772669957 -0.4153825285748345 -0.12866096010702632 0.04136665557873309 0.850112665734845 -0.8711414606370411 
0.0 -0.29554411849235196 -0.7230251554241867 -0.5208627452744565 -0.5717172399075432 0.9600156424726332 0.9126142952409675 
1144.0 -0.817273350734085 -0.4123502611228598 -0.768840436023889 -0.537296574271398 0.15617222656700314 -0.8332173195715349 
12688.0 -0.6694715887646987 -0.9684846594440448 -0.06952413011878678 -0.8986317121476111 0.0658266773636278 -0.03992410338659913 
0.0 -0.3116998974435856 -0.9684846594440448 -0.15706734432594915 0.01658713697219838 0.7993747618828604 0.8774707151203192 
56.0 -0.29554411849235196 -0.35661437017902875 -0.5208627452744565 0.16638634404867636 0.9600156424726332 0.056151540158169144 
224.0 0.8683114433901453 -0.16743435047408917 -0.9559880158790146 0.1197664651959589 0.46869260759651965 -0.04787250658538511 
7356.0 -0.9955754198231401 -0.9684846594440448 0.04442056090124091 -0.6711422806309189 0.7993747618828604 -0.15068801231963946 
2484.0 -0.43777160974856066 -0.8520525439564739 -0.9360246188965251 0.5134708753018844 0.35240536579427517 -0.9914981538740146 
0.0 -0.08231175384434164 0.5840346684576421 -0.8574371844227475 0.5528948727436331 0.4305162339074484 -0.7300922229743265 
20380.0 -0.12218401551957636 -0.8803131323362399 -0.4982336010031101 -0.24967018091833926 0.15617222656700314 -0.27588509082480606 
7092.0 -0.6117941325422791 -0.8553368156008259 -0.7713150465024836 0.6466560541736135 -0.22975940428449992 -0.15068801231963946 
272.0 -0.2274666768397755 -0.711511273321296 0.7529831883676021 0.49432817784468996 -0.12459599302360469 -0.9914981538740146 
7820.0 -0.6694715887646987 -0.8520525439564739 -0.5158244956822167 0.5134708753018844 0.35240536579427517 -0.36715299677238833 
756.0 -0.5027891058804568 0.00513956998232068 -0.06952413011878678 0.01658713697219838 0.0658266773636278 -0.08283346161728566 
192.0 -0.29554411849235196 -0.9228722625911576 0.9435754342414489 -0.5717172399075432 -0.2919074657928904 -0.6193034522404883 
1804.0 -0.43175546591508485 0.00513956998232068 -0.7011498936553151 0.7150095862464345 0.47156455382625784 -0.27946620396500843 
212.0 -0.3116998974435856 0.00513956998232068 -0.7011498936553151 0.01658713697219838 0.713816797536758 -0.36715299677238833 
1608.0 -0.12218401551957636 -0.48904494140242827 -0.4977522605235498 0.021039181243303062 0.7714963823937075 -0.38018515076542725 
32.0 -0.9955754198231401 -0.8553368156008259 -0.7713150465024836 0.6466560541736135 0.7716990310323337 0.07459223679753757 
3320.0 -0.6117941325422791 -0.5539079334536867 -0.768840436023889 0.6466560541736135 0.7716990310323337 -0.10984458002859965 
1164.0 0.3153909070014138 -0.8483914090040252 -0.5538201460748016 0.864153703247287 0.6686358252207043 -0.830442489308101 
1448.0 0.020108493504148228 -0.9228722625911576 0.3003557079281074 -0.4799718884139432 -0.2919074657928904 -0.6193034522404883 
272.0 -0.817273350734085 -0.4123502611228598 0.5078720697260102 -0.537296574271398 -0.8846288718309407 -0.04787250658538511 
5684.0 -0.9337172772669957 -0.891890249416871 -0.4982336010031101 0.21256176387479586 0.15617222656700314 -0.43494364436705957 
5216.0 -0.8553906679300411 -0.711511273321296 -0.2001391243222681 -0.5045330142708162 -0.12459599302360469 -0.04787250658538511 
1276.0 0.3959048841443509 -0.21836364564437805 -0.8973961365309906 0.4969245719624691 0.37078502422770354 -0.65084266822263 
1800.0 0.020108493504148228 -0.171795086015043 -0.7961286146623932 -0.5599112567612585 0.5963499189745849 -0.5304520680880929 
10956.0 -0.9955754198231401 -0.7230251554241867 -0.7713150465024836 -0.8581521253135374 -0.14194062864414958 -0.15068801231963946 
2448.0 -0.6463095528881573 -0.2122275927172541 -0.3574712624185472 -0.9854527543560838 0.3897653703445376 -0.40373371291111115 
3668.0 -0.115293517146285 -0.171795086015043 -0.46820659717728663 -0.9373107875922551 0.32209660445010346 -0.12549688422397431 
28116.0 -0.3116998974435856 -0.3367278595311456 -0.6749162637780823 0.01658713697219838 0.11663262652973705 -0.20369484144842476 
9708.0 0.30656645653126846 -0.5539079334536867 -0.327095527171094 0.6466560541736135 0.033672022651782374 -0.1791328916147512 
1624.0 -0.9961695909258617 -0.8293262767890814 -0.6291226078283896 0.9834674653094562 -0.24471728644048563 -0.5706446665572209 
4812.0 -0.9474493044329353 -0.8451997916227085 -0.9980265213071693 -0.3681480619136097 0.5788578603639833 -0.8108141825852817 
1732.0 -0.6117941325422791 -0.5539079334536867 -0.6147345383724541 0.6466560541736135 -0.7919877256824253 -0.46671209646798095 
0.0 -0.12218401551957636 0.46854490199901155 -0.8574371844227475 0.5528948727436331 0.20919202612841414 -0.40739961189505736 
4304.0 -0.43175546591508485 -0.2122275927172541 -0.6147345383724541 0.7150095862464345 0.16270732722400605 -0.24853308151710607 
56.0 -0.12218401551957636 0.11057107622218543 -0.7713150465024836 -0.8581521253135374 -0.22975940428449992 -0.40739961189505736 
