0.0 0.6201557800307989 -0.4583654270074471 -0.29574927172785537 -0.11455312059324751 0.1651733151255439 
0.0 0.18326866049137247 0.15379514555087304 0.3068966084442326 -0.23735756151672227 0.25990486422101733 
0.0 0.6590450587936463 0.12506416682567045 0.4998370510261969 -0.09138590435377125 0.10172820171007824 
8.0 0.9171827102376275 -0.5380152353796892 -0.6065544230426241 -0.33455417601098847 -0.38324271850794034 
216.0 -0.7137342358257162 -0.31940822245024836 -0.4802756783606821 -0.045475780930285925 -0.9170388456710068 
40.0 -0.41966862310683406 -0.8804340473543373 -0.7856429542701013 -0.8456722142950737 -0.34185398391121447 
56.0 -0.3872803736492685 -0.6015556830172026 0.1466810717153224 0.5784181882154857 -0.01987624968861379 
8.0 -0.045041681422579805 -0.5724352441908893 0.3240610350296582 0.6245095344780429 -0.5096832681308878 
0.0 0.9480470381607873 0.10547929892420793 0.23421330486913794 -0.42716213538181846 -0.9416994238406107 
0.0 0.7894791264375165 -0.56928404824989 0.34894935618680867 -0.6341916816835897 -0.48665387296679063 
24.0 0.8588099916191838 -0.2228507711917047 -0.9575954762358219 0.14169818696831027 0.134960008014531 
8.0 0.16749153586148657 -0.5731332622235301 -0.35993331613910007 -0.7461647349857858 -0.9807638104633425 
0.0 -0.20436811153652812 0.6884407781107058 0.5513349365855 -0.3827979075435741 0.9380570556072854 
56.0 -0.4547999919634944 -0.15251492632061203 0.13072926721742895 -0.36904189662252374 0.20568716330196835 
0.0 0.38928373504299474 0.22589335614557227 -0.7092715142346815 -0.7171308731149413 -0.5568545124943758 
0.0 0.08222536524232282 0.05696663708170058 -0.26303228901691966 -0.9985480549233163 -0.8940543461021544 
24.0 -0.7451009654661307 0.29478155355984526 -0.11889444484334355 -0.2521575881771181 -0.35075418978882866 
0.0 0.37489016845360945 -0.592999721013513 0.4596355034246229 0.5463272722362658 -0.5470668561723997 
64.0 -0.21782380422124947 0.051290556826684375 -0.5954173874595723 0.9888022467041517 -0.9897172579279254 
16.0 -0.9866906285014754 0.12379549316680727 0.6725118317412773 0.6850371535445807 0.3122113875553658 
40.0 -0.15590097987297447 0.17381862708628892 -0.4708488345708086 0.9565012914858508 -0.7156850643038053 
0.0 -0.08018090206849449 0.9403538160492528 -0.9281627619865536 0.10676485393907953 -0.09446740041891633 
0.0 0.8058590514647024 -0.2018192046922227 -0.6871825169449697 -0.20683708932336797 0.8238760002364789 
64.0 -0.32021358758539287 -0.5261642352710585 -0.350364237081497 -0.45919294925600584 0.12999938097855512 
0.0 -0.12422688528587145 0.9361648463669998 -0.8686530567058282 -0.9528847639527989 0.30250212614296346 
24.0 -0.679542075787517 -0.664176122965727 0.4901347303834711 0.435297515350459 -0.8105097453063912 
16.0 0.7010895439964 -0.4704868579327921 -0.9341837277822487 -0.04876779894346517 -0.9483183155566024 
8.0 -0.3358043333170233 -0.361864862079442 0.1943746461457605 0.6597249997261123 0.42095771860550446 
0.0 -0.10775443467303836 -0.10115237818407907 0.7790271060259253 -0.9511851120370565 -0.9865198901324075 
120.0 -0.7966909115558516 -0.16940205520162355 -0.5570872515297867 -0.8994940278627375 -0.1999168125783024 
72.0 -0.894904150081683 -0.21321969675351138 -0.13838544767978478 0.34525764619921806 -0.2855019556764882 
0.0 -0.17563370795932842 -0.5595890792741276 0.9107435553323222 -0.9136791969485913 0.15929111540148178 
0.0 0.9856470828017811 -0.7482127130817304 -0.5321139527318508 -0.9105717398380602 -0.6184849699249717 
56.0 -0.19921311382079065 -0.1831724239766912 -0.1758719375988782 -0.6316947641710431 -0.7918795251917194 
32.0 -0.6847632663974716 -0.5005223517448076 0.022292196874342807 -0.7487537161291813 -0.21372988428477768 
0.0 0.17838470784893712 0.2810844556952763 -0.12766952319934433 0.27249992453123917 -0.11338561535703451 
0.0 -0.41878768082233475 0.3161544613293432 0.8081191829873631 0.8019490302669365 0.07190579637356276 
0.0 0.5951948511766265 0.6648725190398732 0.7005747218508531 0.6394009583168361 -0.5578781608507761 
0.0 0.6878946882411427 -0.4813746805653749 0.18512057804977422 -0.8947595496120777 0.14271146765813092 
0.0 0.902281531537583 -0.50473936250734 0.02148301252646534 0.5417963568202626 0.44921528952563916 
0.0 0.9337183130053055 -0.6274397649767376 -0.7855952899929664 0.24508686214755016 0.0129521553773424 
0.0 0.680119674326543 0.05091026301829471 -0.9647590649306168 -0.8001965429734264 0.14931807895215288 
0.0 0.6473696385733911 0.18212335586908268 -0.7599390710947695 0.9131534233536462 0.13866347402147783 
0.0 0.523667826706752 0.03309943299558138 -0.26343152330359665 0.7948872991929432 0.45493883227352305 
0.0 -0.9317127003818213 0.8143428127078767 -0.4734074183005694 -0.28725422561039937 -0.5225857996584493 
0.0 0.02516319308764614 0.6136959989413755 -0.7593124730994869 0.6568221592785435 0.7613806936361704 
0.0 0.07484794008691553 0.07108678905471666 0.5215625726304394 -0.6244377763399098 0.31592021037642914 
8.0 -0.7699720742024965 0.6153764410592786 0.939414030541535 -0.17725137111863742 -0.16044728406692865 
112.0 -0.4414310000354533 -0.043525491997294274 -0.028362913099521325 -0.014040030673651893 -0.5115217986762843 
152.0 -0.5339402812296186 -0.10392000242436339 -0.24759863581708097 0.6315695860985739 -0.27927654270311697 
16.0 0.7521705007449304 -0.5279567488988701 -0.4955171276103425 -0.5911567350420919 -0.8967838174181784 
72.0 -0.13991721973368465 -0.8624103887581076 -0.8730416304568915 0.586454279595253 0.11174265982581688 
0.0 0.7836618634702557 -0.5907190758767362 0.9315737054562763 0.7081069559474817 0.2827412507141207 
244.0 -0.24260681705317877 -0.06939315313793792 -0.4490464308684745 0.8253261589783425 -0.6528556401494978 
0.0 0.9657649197880289 0.9715042348771814 0.1252540445337802 -0.35811355358511787 0.13382984130010733 
172.0 -0.7544875604180865 -0.20790153055564065 -0.6118082311936925 -0.6546709544877083 0.09620304679076952 
0.0 0.2668799583039727 -0.257740515678222 0.7388349517119788 -0.28197719042129266 0.8190222281146475 
80.0 -0.5331007698150734 -0.042511540139059445 0.056831448136815066 -0.21768672953788526 -0.30299106199043724 
0.0 0.3196891747246591 0.09950971340388715 0.9501476646078235 -0.171515237807359 0.6040869002256828 
0.0 -0.10650519115890611 -0.4875068656822734 0.8068789190748022 0.12310399722455023 0.36575434352326486 
0.0 -0.5453135871614019 0.6143655455161892 -0.784456207804133 0.4065162560644151 -0.30527803638105544 
16.0 -0.6824467792465088 -0.7697038019331683 -0.5608140297397937 0.8306605134952341 0.6503913368997123 
24.0 -0.40190054305360534 -0.7003547161359729 0.46007201513756235 -0.21120420473695112 0.19416091564467242 
172.0 -0.7613825487075949 -0.1259005922201588 -0.22205983468048296 -0.7126059248039467 -0.9352755079307575 
0.0 0.6394359473512261 -0.5929095914246676 -0.4379316403349498 -0.07669996479156649 0.7053317266525949 
0.0 0.046709863888904746 0.8379657931230706 -0.7991399933655394 -0.4209713241492681 0.6850962665188811 
0.0 0.5099034070997781 0.7493816812191669 -0.8302412641862049 0.6326386429657449 -0.949300242524268 
180.0 -0.38787254857432685 -0.18733584351786892 -0.7660414548274572 -0.41952460479386056 -0.7288810033434063 
40.0 -0.9895268496640253 0.2997198407552135 0.12391651714876972 0.23483787743981943 -0.7171330393309248 
8.0 -0.4044535762950894 0.8968215251432909 -0.3761373347195094 0.1344654214692904 -0.5177061243995011 
0.0 -0.7706308688673948 0.8709525670833795 -0.3666923618741724 0.8342822416799971 0.4003758931734187 
0.0 0.02881478725682296 0.5949311663224479 0.1282697617456794 -0.7222245709620128 -0.9610606543431603 
8.0 0.3519183962515753 -0.5351075233396756 -0.5928111871057067 -0.6790311817372336 -0.4634247427646936 
60.0 -0.9699661412568861 0.5925436024305215 -0.8109950745233792 -0.09175708526271631 -0.8834866314450021 
0.0 -0.35712457279644516 -0.6421015387798403 0.9170840796774948 0.3107475621826039 -0.8118343501676142 
24.0 -0.4770413890010141 0.08039178536489766 -0.6355368083974793 0.010975122669676374 0.5731041509983543 
0.0 -0.6640041025931023 -0.7498997668307075 0.8691782985926386 -0.463657962944642 -0.40220261666203116 
8.0 0.5880085205896135 -0.7663268085435313 -0.3964865973162659 -0.984662460931665 -0.8289964178577467 
0.0 0.0715588034797181 -0.30420786878399486 0.9081792052396089 -0.5163915019779146 -0.3517289982948144 
0.0 0.8711165658214948 0.6456410308629215 -0.7882515018111556 0.38549918699418173 -0.20486315322459148 
216.0 -0.6476335577029957 -0.16769809225074517 -0.3581384625301107 -0.9659913039636079 -0.08239537116298834 
0.0 -0.10007557668893297 0.3420031591832162 -0.6174828756465602 0.21257793455655305 -0.8084885112806857 
120.0 -0.851732463545422 -0.8177255396011773 -0.859810011313707 -0.724518023462029 -0.12533420290217756 
0.0 -0.7379496166817114 0.8771587585519764 0.8607695990365045 0.2236486120697332 -0.8318429098847155 
0.0 -0.8020591150184457 0.9849759712701174 -0.9775907730701074 -0.47750114816566813 -0.4496380645634088 
16.0 -0.3661013445525525 -0.008974683389614047 0.5025254504866319 0.7619815392106435 -0.313579873914557 
0.0 0.9491650468594797 0.9283618126525297 -0.10493245115597527 0.9798470670959696 0.22699553939049144 
8.0 0.11698210544549692 -0.9036947819450711 0.06275147571607809 -0.045286399434930846 0.738402224019451 
0.0 0.30122739602024073 0.6000433510067809 0.6735384243760179 -0.5420577454517392 -0.35396694211963853 
0.0 0.9646615618076639 0.18936838771320263 0.9365084684566225 -0.04965257449377747 -0.5763502807804319 
0.0 0.9966251215060711 -0.103487183544833 -0.9323641384795172 -0.9168833165372214 -0.7386004969502293 
8.0 0.17351328438344815 0.8916056641588053 0.5512613355418978 0.7496234166435554 -0.16014792770585062 
208.0 -0.6969591947837388 -0.19790378586705804 -0.8113685559306512 -0.07068200421422421 0.10044803740602193 
0.0 0.6298773585377506 -0.7691356547291388 0.787117653373753 0.7478177406196254 -0.5736930665313251 
8.0 0.007993631081596897 -0.6055768946783291 0.4422757318657835 0.38321010985879433 -0.6284742762658313 
8.0 0.688805552328704 -0.20421711650996688 0.6928431380430629 0.39731597869243807 0.7539434256977191 
0.0 0.9327209266125478 -0.4981518338124864 0.8490359909069547 -0.7005892572488575 -0.4311512856297275 
116.0 -0.3831524550748604 -0.2539918977797746 -0.9674790745092996 -0.9398652352989152 0.1285994665694088 
8.0 -0.15871603562388903 -0.6463075073281543 -0.3084311084246898 0.9543414565157093 0.7283007020716528 
0.0 0.7881394299171036 0.9239848130930464 -0.2731369339707299 -0.3313325705691712 0.6851633564546455 
0.0 0.6480036067136361 -0.118695473389133 -0.21106044139978009 0.861278954191697 0.2362332080889522 
0.0 0.3141333081446607 0.41375495301558285 0.43710182226121197 0.1429152039578061 0.4391205299902241 
72.0 -0.02334799357398709 0.0941342544696051 -0.3841173917564751 -0.028684214605610103 -0.7147769747692936 
0.0 -0.8801057243214658 0.9002685845427434 -0.9149335362720361 0.8575041413734295 -0.44984177529198566 
0.0 0.41062240457471266 0.11597835234130649 0.5037836798090418 0.30357416943787996 0.41376264610890723 
128.0 -0.5769298137029473 -0.5961390760278034 -0.09635311032619831 0.34283411193871793 0.2579800528476157 
0.0 -0.8656833319315815 -0.5710982459224312 0.7844827344929701 -0.24346464526714096 -0.06031609681253425 
8.0 -0.7931750675613662 0.30485739689320135 0.671886153429254 -0.12115006859702748 -0.41180860288989174 
0.0 0.6491786425332662 -0.5613709070346902 -0.9641512059114274 -0.34791170533659366 -0.48332004240287496 
0.0 -0.3218371028454643 0.20200969707823613 0.4605848257382119 0.9703524007658781 -0.7938932408201445 
8.0 -0.5225966270855338 -0.20072630346290565 0.4510640392996861 -0.20154677680890254 -0.1773988108661526 
0.0 0.3347667067325708 0.22344542842550696 0.9696342267431566 -0.9131045479035889 -0.5325460464810126 
0.0 0.5762173301158606 0.7794359212482522 0.039004757579009564 -0.9441221528289474 0.3164098078351465 
0.0 0.2784439448291225 -0.6325056900170465 0.9891834417241308 0.19178450507687272 0.7213007283660564 
0.0 -0.8664820753932398 0.6598542284217943 -0.7727562421833012 -0.05708235622009972 0.2395267794868472 
56.0 -0.6097028183479509 -0.4238785961656295 0.2158105072116936 0.09600700030412512 0.04516857549143749 
0.0 0.6831555447152002 0.0003721129528557743 -0.24453362996076122 -0.5275515088236746 0.1471400203141393 
0.0 0.24126243795534497 -0.6284458302647102 -0.8697496494963461 0.3702089682242291 0.9243349453476846 
8.0 0.09466443646740785 -0.8556479637381615 0.07565352531968372 0.8033155938979262 -0.9766479594243136 
0.0 0.42187119310252985 0.4502258757114521 -0.48309224714417076 0.3831889843330851 0.37410536690879104 
0.0 0.8154853988349466 0.6411935510630289 -0.1668956307999907 -0.9426598774069115 0.36218023842924874 
0.0 0.05633477850928159 -0.8490882896102008 -0.9074298802054954 0.42455438567633985 0.17307512299152839 
0.0 0.8566789679135667 0.3834978627659611 -0.31084765899602607 0.12724633654000317 -0.1751075236094961 
96.0 -0.7828189033056605 -0.48467628764838633 -0.2285871419595833 -0.10134246715230444 -0.13808087115788492 
0.0 -0.8670462982673621 0.5755007427814012 -0.22661253830806172 -0.5692609153130175 0.3680696478856089 
56.0 0.08499815635543251 -0.5360536976400507 -0.8061424983702674 -0.6233505830414718 -0.3771836086352891 
0.0 0.9249349975975616 0.742810754398636 -0.8012588061870856 0.05541121881977351 0.6241974838970838 
8.0 -0.0644758062620856 -0.9320852311092751 -0.2604074448291136 0.573971493541251 0.30611768989449484 
88.0 -0.2955714818939401 -0.07970931920161028 -0.11286261280757492 0.6728418419112983 -0.5938599870912635 
24.0 -0.9022549965473015 -0.37240254797256545 0.4241213286160519 -0.9239958610573151 0.3024839670972561 
88.0 -0.14294510768203184 -0.22488201007337172 -0.2036865122159075 0.21353591152357043 -0.5856423615944313 
24.0 0.17016744743056678 -0.176341856580152 -0.6135666267523299 -0.6631325409586348 -0.7068632903835832 
0.0 0.2932683948667487 0.9818745463456715 -0.9416851425869506 0.21798338912121862 -0.414915910277988 
0.0 -0.5060153602839073 0.1434574426909614 -0.3117862217190568 -0.8002878711061336 0.7001869450706473 
0.0 0.9877511829212104 -0.7795559673544308 -0.3249678971482066 -0.8853884047896747 0.7787852577527723 
0.0 -0.2974902419414369 0.5727019690525852 0.2569560658079839 0.2362705131485341 0.2570958776638119 
60.0 -0.4658996706786871 -0.2476149981075655 -0.7227857341696005 -0.750747348691033 0.49982049984685717 
8.0 -0.844603304281035 -0.49915164589136407 0.9010051841422195 0.8632646205520118 -0.18825154115633258 
92.0 -0.5292501370340863 -0.7961042166585925 -0.9333867634572093 0.23313376731685853 0.3020176025296075 
0.0 0.23477252722280495 -0.42898095876870523 -0.13143472045664417 0.18703622906981754 -0.1261931378740746 
16.0 -0.6198112406662208 0.05240474843215992 0.5574847204101943 0.09828843219260874 0.2630030228142455 
0.0 0.7310239331918442 -0.589429985873595 0.21264485005860823 0.296345431415556 -0.45366881389205704 
0.0 0.49179728846374204 -0.0062981492008926665 -0.5543783689970283 -0.7568235576408113 -0.5108084201718885 
88.0 -0.35037232414601993 0.29044109490068326 -0.601575283251863 -0.32840359763254745 -0.9159880396052649 
0.0 0.7112573983861123 0.5051410029477872 -0.1421043168574363 -0.4591727568137034 0.6501318591601457 
0.0 -0.19768889495345676 -0.5480753764951749 0.3432872613126501 -0.7229789638856243 0.44409098037570893 
0.0 0.540111045618157 0.11228927448820358 0.7964960515399255 0.6409126035494779 0.012077903051996186 
16.0 -0.06483473809133367 -0.5735733993012131 -0.3808955817909714 0.44931147204873123 0.15817210104610102 
0.0 0.6892766176458398 -0.7029727153436975 0.607289639188088 -0.7000902596873204 0.3270221201166965 
0.0 -0.7653228987841916 0.7514196726422566 -0.38065482466342826 0.156074944668668 0.6575456913152617 
0.0 0.8581285445439772 0.47417048791863414 0.9025529024962924 -0.9477159238972861 0.81504383807535 
32.0 -0.27687252656502315 -0.5763632448690263 -0.7879285346435914 -0.47740011127114923 0.22141154091203852 
0.0 -0.09386049202898583 0.06108233411415598 0.7505182427986281 -0.3672352643756778 0.05233222450905983 
0.0 0.8040656734230875 -0.6076148080634025 0.46019480248684896 -0.07061200061547046 -0.16726269497373725 
0.0 -0.2846537836044649 0.7146433958637202 -0.7403845162890803 0.9046955190038064 0.4788554972202681 
8.0 -0.28898063680033714 0.17193686475209735 -0.6968627053815402 -0.24355567921753196 -0.11341017354970573 
0.0 0.6663545441599803 0.20131447814869574 0.6396886185817745 0.7945083416168559 -0.5859716077462624 
0.0 0.816618748312611 -0.6836675707653601 0.7057846233323384 0.28124438327927304 -0.2855727087599609 
96.0 0.30747125422178856 -0.13974412310947337 -0.46951052228347634 0.37377231816100487 -0.9671232553806464 
8.0 0.19253233750151488 -0.8932709652109063 -0.6351434293414151 0.9750525182209859 0.5214786791780803 
8.0 0.000513161266094464 -0.6527811714268643 -0.9647251543641746 -0.9921015618106681 0.4286577120129422 
0.0 0.8464861885680453 0.415981053053434 -0.1105388209008149 -0.7717054208960363 0.7140282326309193 
0.0 0.853076550483584 0.8409049604438776 0.16626397154065176 0.9640609953272776 -0.3202889688316022 
0.0 -0.0573914860465734 0.35864183360237467 -0.7106779723115797 -0.6988893446492985 0.817214012402318 
0.0 0.986417404742733 0.8459666400430521 -0.4004604147613411 -0.237091171623514 0.2837419306059259 
16.0 0.8783028679962515 0.059171665481622115 0.6675440651011186 0.8662322214333504 0.6877990053124297 
0.0 -0.18148557798134246 0.6408301178867124 0.5802030809383303 0.8794828016066627 0.25002434232283743 
0.0 0.12125568340866799 -0.026919646179136558 -0.1845664377994385 -0.732744988078571 0.7822545419942926 
0.0 -0.5216215114628995 0.7886845739439226 0.47163307330618043 -0.36262358847462806 -0.10437843653962764 
0.0 0.5835119531582182 0.2187489682610999 -0.8418501427306491 -0.6433099101123672 0.9798911641434405 
0.0 0.11592018127309034 0.2551458336335124 -0.6738844199719396 -0.2376256599458153 -0.4356001568438086 
112.0 0.3026068686025176 -0.7120767200951297 -0.9904975244734133 0.40267447588318794 -0.9449243178432385 
0.0 -0.6660186285276599 0.6640882733460105 -0.19502171424510273 -0.8337730389158746 0.601475988717157 
0.0 -0.580409852356691 -0.5880040826456927 0.770639436054118 0.07370220533516325 -0.25854324235806625 
40.0 -0.3916943254636358 -0.7831526433369023 -0.7605055137725403 0.3719325473169339 -0.10198922960968493 
72.0 -0.38401893885825733 -0.06171855421938921 0.0284577961401693 0.07100577122474427 0.6789345883680653 
0.0 0.9199821904152681 -0.4045026413789692 0.6958462142582245 -0.6731596247896263 0.9067154239501927 
0.0 0.08446429989675752 -0.3571161346970524 0.43742224853325085 0.35917278784945705 0.4861204388162208 
0.0 0.16794893480074768 -0.9422509687575005 0.6658876537463458 0.05888598428982461 -0.474771643409885 
0.0 0.42398291026268553 0.8098881920956982 -0.9658633295328085 0.2745153230080797 0.8757272791861463 
0.0 -0.054096761653989134 -0.571544051786405 -0.04749914178243708 0.7783211155717802 0.6778940858151712 
52.0 -0.1564057964347132 -0.2825260366033606 -0.6651754239880536 -0.6823525096754333 0.25722055894685125 
0.0 0.9399098157930534 0.06348290549071578 -0.7398014005184295 0.43558573625431296 0.285118697032678 
0.0 0.5621633023767334 -0.9484713653293253 0.014499356215206038 -0.2662096840158974 0.37411192281218386 
0.0 0.3136742748027648 0.7458866166597196 -0.4111640113463251 -0.6027986323152708 -0.526028123276189 
0.0 0.7841790481582975 0.45838721635487967 0.8434304437987061 -0.7311877446080224 0.9363148067754588 
0.0 -0.9226274017467007 0.34808434367747054 0.8375287843408259 -0.6281446834407449 0.5524400990385865 
0.0 0.18542703151411266 0.9912128425318449 0.5068860124887253 -0.8729241762093671 0.8523334387721022 
0.0 0.2746392003895355 0.5464679777747479 0.6062003650514718 0.14470456262992304 -0.2351693183661543 
0.0 0.22087330354440393 0.040313153062137896 0.5535637395867692 -0.3472627112292346 0.5073147180206481 
8.0 -0.8113957093202295 0.1776099579749586 0.7808474212150032 0.8475399128460821 -0.3070515327756238 
120.0 -0.04378894164458447 0.11002871434026118 -0.1806821497440494 0.24288026157037867 -0.6167313539698427 
0.0 -0.42913707683472047 0.03746208025568798 0.4250262484234475 -0.3137321128171413 0.3755783105296919 
0.0 -0.5775317302643934 0.9808482286165972 0.5693436485244416 -0.9695931179202562 0.45445027459528964 
0.0 0.4281307552525755 0.9279502797892747 0.9723273173390257 0.0866307788149272 -0.5440922621807849 
32.0 -0.19357379382585416 -0.7014705408661008 -0.7889583418678716 -0.7407250806281367 0.2931430247270783 
0.0 0.058304320959430056 0.43643397457126953 -0.3402680883174092 -0.6052002523261588 0.13707620430647438 
16.0 0.48053266552499596 0.05263117467314338 -0.4286123835040414 0.8314761343022268 -0.7495115903107441 
0.0 0.8281632936904764 0.012033841905285003 0.22151873782710774 -0.6337889578691389 0.38691990909596496 
84.0 -0.9618708473354145 0.5164715897350205 0.4240108677773631 0.6386788460813231 -0.6803283620310832 
0.0 0.1805557191265108 0.4669511989879871 0.6976034239153246 0.8033740959576618 0.049692516471587345 
152.0 -0.8609578473855553 -0.5348832808371582 -0.6566156598082471 -0.8275852721677122 -0.07380757347438682 
0.0 0.7396335474270379 0.8964820610657152 0.24540374279873967 0.42677486425013234 -0.9261281681270237 
8.0 -0.26784633854230244 0.3932598791670814 -0.7347287615551716 -0.05452330995654453 -0.685882259543017 
0.0 0.9452098308793102 -0.03245979512043129 0.7332127606902314 -0.5721253898016962 -0.5475405768720703 
0.0 0.2664988888155888 0.5437566060994607 0.5391491327266233 -0.01238826661365322 0.33904089228295287 
0.0 0.93644357153627 -0.9486068777681418 -0.09746346458237065 0.26935868802071794 0.7616843143155292 
0.0 0.4996574542345882 0.5468796220945162 0.05909989629327961 0.29492727431041543 -0.19546687385449735 
0.0 0.4586257388143924 -0.07811144680652116 -0.48561469600051366 0.036833790276284084 0.012559923301153297 
0.0 -0.34141949019086626 0.17914206663290777 -0.17059966078432653 0.448312378036684 0.3537964243464724 
96.0 -0.2853673550002851 -0.7000205378236377 -0.5528670886380516 -0.631225086972127 -0.8641731433189839 
0.0 0.8347202115887509 -0.7677662343573415 0.40018159867321756 -0.19895766091216704 -0.1637613523587944 
0.0 -0.3806125299092544 -0.6097574737908278 0.6733927763757617 -0.23682881628558006 0.34676421030512916 
0.0 -0.7072825012962869 0.49618611698946413 0.9289390990486834 0.544418508684563 0.34548601710746785 
8.0 0.7863420321262893 0.8517806928203178 -0.42938344807613227 0.9532970713587614 0.003158602393390497 
0.0 -0.5978231286133922 0.7792330309374269 0.2180579083750258 -0.3032123160469311 0.4806553893096408 
0.0 -0.016219605200155973 0.9624717974921442 0.8057407976835953 0.2050413267647273 0.7192713201976275 
0.0 0.5332124197658077 -0.6473827830834087 -0.903328907887819 0.7758612913513199 0.9202762421437964 
0.0 0.12221552477771702 0.6496871128475465 0.359896119162358 0.5814687193516355 -0.2623761571437979 
184.0 -0.6791086294180124 0.26966502130641 -0.39124564449883636 0.7508086076557599 -0.7941888404465649 
0.0 0.3021507889154793 -0.374678610778447 0.7626667149032305 0.6385648579326186 0.015661422800710367 
0.0 -0.6046291750800752 0.5162354634534607 -0.6187489116058373 -0.9279133746271777 0.955625644819253 
0.0 -0.2272557821256651 0.8492457920695884 0.5604411723482736 -0.2133708069427125 0.9328419309091787 
0.0 0.09259408409506387 0.1947890780803314 -0.16557762504888562 -0.863536149623658 -0.02861079583618764 
0.0 0.2929748922773314 -0.31467426381735075 0.24607414796401228 0.3880616542504456 0.8671677538830533 
0.0 0.8915911980432696 -0.90561689426259 0.6063925334197797 0.7923647645956569 -0.6611352514435378 
0.0 -0.28878673544779776 -0.38036103303593904 0.9678894129670497 -0.9306479336277975 0.2669613027511948 
0.0 0.7121676762000861 -0.8330711360101155 0.11877169588198555 0.07170126458990156 -0.903214108036998 
0.0 0.08467410441700074 0.7745885183209547 0.13955932105321156 0.6303335114713584 -0.6812621556893028 
24.0 0.34227773894673064 -0.9770990789478302 -0.222585576499559 -0.8516133129196624 -0.9679331545764369 
0.0 0.20787029827368042 0.4627621193392266 0.4095499718303135 0.04260840077457262 -0.6650117233904587 
0.0 0.09787373834290758 0.8059758081462893 0.31695887776032383 -0.5552153482984188 0.7880436441418972 
148.0 -0.7519921582725542 -0.10216650848047526 -0.7159090232897853 -0.8324678325242536 0.19252822075015663 
0.0 0.09655020107837609 -0.5353084560541383 0.9230441198794013 0.2298806097961319 0.13003934864293187 
120.0 -0.856899949842951 -0.5093062876404564 -0.4406411505388066 0.8615824217770858 0.2686786612640799 
128.0 -0.013428307354507396 -0.05453851135503607 -0.6534778174153564 0.894708582725797 -0.6794178605913239 
0.0 0.258599646313342 0.8540620730805648 0.3878708550042982 0.4133138305269748 0.9119000413611051 
0.0 -0.09849351630964143 0.9381819937929645 0.6611238361952132 0.2919403941731109 0.9716971539003705 
0.0 0.3238947695062211 0.8587334225070706 0.03221834707809346 -0.05268509931066956 0.5184720466210726 
0.0 0.7884977337049559 -0.8022331878609039 0.8936193530026191 0.7484470288984326 0.17122395450087002 
0.0 0.7176695669397979 -0.743766009122484 0.25069641389983377 -0.9148998763497909 -0.2279690102341705 
132.0 -0.4972033017564319 -0.7169309711095218 -0.10071616896788904 0.7968182485504944 0.0758864860253341 
0.0 -0.6506340846448577 0.09711255609279257 0.7165893048844598 -0.08341653334268084 -0.27406684077650256 
0.0 0.2635363536370814 0.7253538195423845 0.31757705563443017 0.6842324901309815 -0.9397947462470029 
48.0 -0.2860305688348772 -0.5230355272420157 -0.17073681419387743 -0.9095722638575259 -0.6515151527558887 
0.0 0.5899630689433384 0.3477350538962414 -0.9889095114834792 0.12347819212230493 0.8419142819910246 
0.0 0.8451590879513993 0.8276721607734054 -0.9694008425816172 -0.3620818239295638 -0.6134704945090432 
0.0 0.1686807450566068 0.9348198762342266 0.5796444057601977 -0.21100086453153044 0.31113297220135694 
8.0 0.28488632091767707 0.254603637398898 -0.07617559224012638 0.016279695715654574 -0.720065484982858 
0.0 0.6497530919496617 -0.5942213407258721 0.7509398973063821 0.09744968742219351 0.2425772303771494 
8.0 -0.5547377327471905 0.5778075386297292 0.07141073626308314 0.9743224983971259 -0.40443765732353465 
0.0 -0.5930902065947914 0.8272102279069777 -0.11447220239053535 -0.15263812293240364 -0.05193734837021191 
0.0 0.4012731671424137 -0.8598528018208411 0.8864057601491719 0.7854087932390128 0.37201000019682495 
48.0 -0.7900316420393503 -0.5243069597563912 0.4196745223383458 0.5678785032433895 0.13921388950995683 
0.0 0.6711226752496506 0.5704415028996814 -0.1523059191983962 0.30367467071261167 0.8608596182512933 
32.0 0.2410404129737027 -0.22790255071724652 -0.8429571359748056 -0.6359891043376076 -0.8846169307824465 
156.0 -0.5583589530985316 -0.95939548450381 -0.7935941274532186 -0.5184209091900875 -0.7940203273382971 
124.0 -0.5444219299238766 -0.3111732219255716 -0.8091087952992486 -0.894813355260377 0.46097050925997785 
0.0 0.39263734343735 0.623436158052471 -0.3448277358323304 0.8424114020835327 0.20875569386537984 
200.0 -0.7699445282098958 -0.16604751640121873 -0.21213879470023578 0.25451878500530767 -0.15026197943847053 
0.0 -0.222208233884168 -0.3839899003091305 0.53547784378701 -0.3197834244005604 0.18823476842010045 
8.0 0.24137390111906143 0.05928523106703265 -0.6208033674965494 0.1800468090029652 -0.42193508311394967 
56.0 -0.36463196881995286 0.27517195560859453 -0.7508116722244684 -0.8288661142979417 -0.9527986187343902 
8.0 0.5100421680892842 0.037547809265236154 0.8898002581833595 -0.7389443695613831 0.8590652737483855 
0.0 0.07868501887058321 0.838933771616438 -0.8795749974191116 0.04073312694111064 0.13623306216011866 
24.0 -0.5338146233778485 -0.7351995069442037 0.3596864974589782 -0.37106091546578157 -0.8832360117626943 
64.0 -0.6513387216079507 -0.6224382471185796 0.11922113696814085 0.5225148861177467 0.15682304208028208 
8.0 0.9283472778757469 -0.023824391456240157 -0.8481069668241501 -0.44720993855299507 -0.7641526010041606 
8.0 0.44498535225713676 -0.41733403450963547 -0.721397336408119 -0.2412907520159855 0.32175315642298874 
16.0 -0.23496052387159838 -0.35333695886117655 0.7440062424986291 0.3397825301051449 0.09398271463947294 
0.0 -0.7289938611580868 -0.4000879583964949 0.7203983251281407 0.5787815515055652 0.17138275604156128 
8.0 -0.4370202165241581 0.0334197278155568 0.17769168542792557 -0.1367023836980481 0.7943804818154929 
0.0 0.37676267741051817 0.5385972268245314 -0.7593072485082437 0.11724181419174484 0.9974606056414044 
56.0 -0.24950051350030789 0.006233903347815373 -0.6278506588941892 0.641909377204873 0.3917356292026337 
0.0 0.26496572724495926 0.8016755238375222 0.45743817357700034 -0.08508340401238623 -0.5435814994284647 
8.0 -0.9800289522688523 -0.0592418287846761 0.5056759171295104 -0.762735506035028 -0.7406845194743099 
56.0 -0.13037860337297524 -0.5268694105126515 -0.43986186051825693 -0.9779473982786213 -0.5156678416755203 
64.0 -0.9414051662881948 0.23925837059495048 -0.891812076967806 0.28111002677246266 -0.38230439233642066 
32.0 -0.9481106421310979 0.4626958718174803 0.2819219701695752 0.78945851247024 -0.8511740465383664 
0.0 0.26098632078464856 -0.30445054228845847 0.33457869770081894 0.8043548535141758 0.5764913304408577 
0.0 0.24079198721128758 -0.18523692977235195 0.582677376202241 -0.014472976836657159 0.5558028925664935 
16.0 0.36202538642229354 -0.9527791352085917 -0.16823545036626775 0.4924041743969334 -0.6871106114605057 
0.0 -0.1741983825324387 0.3590351196271999 0.2785634620217199 0.4611386605606107 0.42032199663125636 
0.0 0.4678657666246462 -0.9102857595611229 0.7510823833067379 0.08323003314523292 0.05340416053029351 
0.0 -0.79229957942985 0.622938446603122 -0.5335175161020946 0.8087671969153947 0.7838435264454267 
0.0 0.9514124879624617 -0.8491912480442132 0.1755986832175782 -0.5600767977125891 -0.1524332214246491 
168.0 -0.9258606728374486 -0.546674968059673 -0.5446932308354362 -0.3296215046312334 0.5091296682470849 
0.0 0.14802310937057483 -0.6214869065172925 -0.4616955912254199 -0.6001961492442647 0.16382856679274194 
24.0 -0.9357300083633151 -0.5550513371435997 0.31816937993916006 0.08348163770188499 0.5731341957798441 
0.0 0.23930612064737145 -0.6190350238851887 -0.21338116974820198 0.10525126400471208 0.6067133396241098 
0.0 0.5874047597753449 -0.3743651016388547 0.34508666212681627 0.6960254470923566 0.7349991436825454 
0.0 0.6965604849537217 0.11900742881808468 0.6249097500411058 -0.5501535537114124 0.08909316056755157 
0.0 0.5928007971400469 0.33282971263416705 0.24386472751560162 0.2246551816672453 -0.3637382602230659 
0.0 0.701990936118813 0.9484517367158585 -0.12187263730105813 0.6423386234748805 -0.5175762173097587 
0.0 -0.4867769700988174 0.053093380900089304 0.530177365346169 -0.2451857874576575 -0.17971005592789369 
8.0 -0.895032630038922 0.26503982605299203 0.8038926428987818 0.26443997949316 0.30099093122872644 
0.0 -0.09430008407804613 0.31934324139259984 -0.9398297679881977 0.5119533238620722 -0.24042452586565743 
32.0 -0.42630234899802444 -0.4430494657456441 -0.3794994306881281 0.36691130211340606 0.46831496054536337 
92.0 -0.7644435495776554 0.18478589145091173 -0.8950427171787778 0.5734670652511684 0.4798892469441729 
0.0 -0.7253583355714515 -0.3306687600973519 0.4544867426888506 -0.9903237762754555 -0.33747648670892083 
0.0 0.7538981012987656 -0.7194622725158049 -0.1679898660769592 -0.28632633762948223 0.6528419227915538 
0.0 -0.16642921814389444 0.3917095886421922 -0.9092571152002045 -0.7645953201353817 0.20049898689579027 
0.0 -0.07862270680751493 0.729970434416207 0.10075730519440285 0.24157877403594652 0.16698274217577946 
0.0 0.24013073077019742 0.1502276294471303 -0.12934413660997413 0.07299919713011405 -0.33378071034747925 
8.0 0.9065781064203762 -0.3379295951511201 -0.9955025616807256 0.02986200896922231 0.9034858083719848 
128.0 -0.8542857537557129 -0.46170954838773803 -0.837779386082145 0.04780277428893531 0.1950540757089163 
40.0 -0.4851228406936723 0.17236714488638638 -0.7440566455792379 0.5927281703982112 -0.5567912575501963 
8.0 0.4262775718969942 -0.9396179644012517 0.9988011644557868 0.19064164187970523 -0.5686571929361368 
64.0 -0.45701693261953413 0.05087083057721986 -0.49922066063339887 0.5312275629419623 0.34171964255634446 
0.0 0.9627643229008138 0.958473638060922 -0.7897588698772184 -0.6254053085417266 0.6339313373568152 
0.0 0.14267014582809234 0.1260004769716263 0.1958313196987369 -0.4635503221644297 0.12537127320961128 
16.0 -0.6047867457011118 0.9925237962412883 -0.47276421035349814 0.8232963681723797 -0.3493319913430344 
0.0 -0.007138715620903957 0.8480989375927801 0.5796593969198534 -0.579206236075128 0.9965726703094908 
8.0 0.573816173924451 -0.9096571831125502 -0.5067204045679525 -0.27843496708304416 0.4223494073473941 
48.0 0.23183701685897518 -0.7899489426373161 -0.7706080012726335 -0.236037286136485 -0.7134153890307551 
24.0 -0.3081668321223072 -0.6476569828476804 0.2770558302519124 0.6603271791759744 -0.22456603655014695 
0.0 -0.1656734917451821 0.8491712250739396 0.5856374699124482 0.044040370191589684 -0.22375317160876906 
0.0 0.46551213817755577 0.8078980904340394 0.010160394165359188 0.2943977694543436 -0.5828291332833229 
0.0 0.31776640534204215 0.9533700230993631 0.8241388782479477 -0.3979535955365223 -0.22519537102227094 
0.0 -0.46784235703019417 0.813293721962336 -0.4494473589582 0.25005031718206205 0.5042760573088436 
176.0 -0.9729649886583052 -0.284246262228141 -0.30348728805554703 0.9554530847838949 -0.5761160298205317 
0.0 0.0856971603857033 -0.7068768997354553 0.8082616769969797 0.39857151416224146 0.1975813921857552 
0.0 0.5620636390550997 0.5240253903026442 0.766135754521698 -0.9800203055115477 -0.07379742484398744 
0.0 0.6814442225072199 -0.678507822664165 0.25839316100963416 0.213754489111597 -0.14506967968324114 
36.0 -0.9894266618589975 0.24215238252582738 -0.06372642483253177 -0.35060600660013863 -0.2199377191042573 
24.0 0.7169514529670928 -0.3011265197922337 -0.7204319050780099 -0.41696974409379606 -0.913743274703126 
0.0 0.8364288845221928 0.07977985965354328 -0.4068030457475109 0.5081217792788733 -0.8686464278513493 
0.0 0.5831071792852589 -0.60417246205666 -0.5769062554419533 0.6969169760909151 0.29572873185169235 
0.0 0.8572497350747867 -0.7870205373279344 0.9628539421564615 0.823404733548631 -0.6133936013625672 
0.0 0.2675075152216393 0.2106182793838045 0.9543399261288164 0.8422648138536244 -0.8591751748395651 
84.0 -0.23894097434924388 -0.8261251749122216 -0.849144207461143 -0.39512814864548074 -0.6116659554235053 
8.0 -0.35910082960014966 0.19968410897017685 0.0035459876040317972 -0.1623159394736431 0.03283727919084334 
0.0 0.17294067892463771 -0.41580585703143713 0.4366631541410675 0.6948895001460258 0.059549307292037446 
40.0 -0.874960544417414 0.025387670900569814 0.6572857505541876 0.9014861917371961 0.03133675331188068 
0.0 0.9228935308007835 0.807392740990081 -0.37711584918029306 0.6251617812987595 -0.4323794844407527 
24.0 -0.025328296077444135 -0.4842305134291056 -0.9229859366428572 -0.4115052149232299 0.47794025809855767 
0.0 0.6412284404193007 -0.9610463075456113 -0.5371945403258551 0.985005717907347 0.263552472053189 
0.0 -0.5266677007009486 0.6271063086976698 0.7988998839302335 -0.31684382917791054 -0.6304926042435623 
0.0 0.6960525580963146 -0.006684355018819588 0.5523671135555126 0.5117846034000479 0.758631289394573 
100.0 -0.5516282360420022 0.339356782067622 -0.5289384576166067 -0.052631456699200996 -0.8729447173631983 
56.0 -0.5635820051218423 -0.5829307166076942 0.25227756732629025 0.695408496355904 0.4993132571293528 
0.0 0.09916192123024126 0.6592613967068965 -0.7212678359095768 0.2285299158799281 0.9193487128330544 
0.0 0.8860871445326728 -0.21971548194818014 0.007245828496695417 -0.02357377542548189 -0.42071868631154663 
0.0 -0.843154219924273 0.9338314426369805 0.14445808542668348 0.574475862877835 -0.5205571466059329 
0.0 -0.7555963185531311 0.8559592345494644 -0.06324085161065462 -0.4051340308214946 0.9866162334252342 
8.0 0.3287250030922111 0.07806035590875715 -0.3682391628053092 -0.06860974048061452 -0.6950951792043216 
0.0 0.720746193158841 0.4047855130233595 0.3285352264799475 0.7908969577684859 0.426370900901079 
0.0 -0.012389516116422916 0.5431638459712098 0.5774265659593838 -0.4837858961610362 -0.07234611222166643 
16.0 -0.883271574117215 0.09400279882209839 -0.885318078296804 0.22354038916032715 0.6859724926605029 
0.0 0.7186303507428222 0.6984288485506904 -0.4374792590319956 0.7738621760044135 0.35162400973019103 
0.0 0.18953935267627986 -0.4515224430401903 -0.903825535220218 -0.3737367371921372 0.6623036999644594 
8.0 0.5923728023112331 -0.7192528810433618 -0.8186865955395608 -0.4477197596792559 -0.05078496341162975 
8.0 -0.9308306410634766 -0.07407535122310449 0.9847593706657018 0.9631978401391643 0.12018029420414611 
0.0 0.30353275057129636 -0.07860976248502438 0.9649683593342144 0.4197190334498526 0.5527161304039754 
104.0 0.16142400450282546 -0.04237096220118941 -0.4754929241465724 0.05073675469782035 -0.6129518754536658 
0.0 -0.5116501306322678 0.2588394905804452 0.5950307213282235 0.9310846683634482 0.8584067132135731 
144.0 -0.7065298748487423 -0.5625631672820453 -0.2088397637694579 0.12850161975687135 -0.7914838281076941 
0.0 0.3080913144497113 -0.03330533837991467 -0.5382108612756946 -0.9523528709006472 0.09867117757344768 
0.0 -0.5011490929517539 -0.16069361332946164 0.5640587981059819 -0.6768249844705478 0.7569730780600734 
0.0 0.7726692364906576 -0.891406151803092 0.3141415853339917 -0.8772426699588034 0.1395768832256452 
8.0 0.4295064747587456 -0.4256313447950604 -0.7959286403804919 0.1906444336066071 0.42013420809319624 
0.0 0.41971987034372393 -0.5409495343053239 -0.10829245711390545 0.35072595835321674 0.01346471679436867 
0.0 0.384086432013667 0.8523396168989084 0.033732736579477285 -0.9428216819865569 0.4757037194291891 
8.0 0.6868956710880525 -0.8042148732590504 -0.6474569182342689 -0.09156864111356966 0.9949478384684467 
0.0 0.4131915994225701 0.8098955385789617 0.12405782037948421 0.4209743553420602 -0.5325987741771963 
0.0 0.7249312205010054 0.4862817654863172 0.9222627165585096 -0.3345034112105565 0.9390131594714914 
0.0 -0.9938089812671218 0.8121018147723285 0.8531780858443054 -0.8606915870300973 -0.14128148971749543 
0.0 0.42915338946088744 -0.2914713291387072 0.5794260007755667 0.9497294645867504 -0.4305557795370252 
8.0 -0.6018088383713291 0.2667162456906178 0.5716599350204175 -0.27224775036349014 -0.29896848131320053 
0.0 -0.41270800668275887 0.5280443954290983 0.7068365132202226 -0.3250873499619895 0.9735799697994392 
8.0 0.2975676868349537 0.7518975710036397 0.10516029262744819 -0.18544167465515948 0.6510395036010816 
184.0 -0.6143455592799254 -0.10274802460026278 -0.3884643400917984 0.538404078378937 -0.08177990346988362 
8.0 -0.09263860791235201 -0.09456395922820149 -0.8259687858184077 0.27913096781696844 0.47974896582238125 
0.0 0.9493460200513981 0.3585484279224682 0.6401943491189483 -0.7586297498321306 0.5871558750098624 
0.0 0.025830962827785964 0.4807424207118929 -0.19548984346958354 0.5220576566778106 -0.332425053192533 
0.0 -0.42152356853609296 -0.5505938901666263 0.33070698814393773 0.09311014484161384 0.582146870138861 
0.0 0.3473585222773683 0.9703624054371134 0.796539502866455 0.3995519853842686 -0.7308791149426239 
0.0 0.9373073853715519 0.22651979937514466 0.8585331793698865 0.4388786634119122 0.5097103281990267 
0.0 -0.39334479521430055 0.9492453328215642 0.567209271139544 -0.13038290508761596 0.19107698241585713 
0.0 0.7749630836379857 -0.811092583718545 -0.20633902856829778 -0.2905959949675039 0.35782062922995705 
0.0 -0.052900702975499536 -0.16824459096181932 0.7083081339992505 0.6255090985560583 -0.7627413699209993 
0.0 0.5413379036034591 -0.3453865743912954 0.8775903045147113 -0.8792197789583069 -0.8375855363930218 
88.0 -0.4627910666360644 0.08544830829817585 -0.3565850409836582 0.24351398693069015 -0.7272641363521264 
0.0 -0.8294888768060766 0.8512112597885126 0.8140105333675156 0.1815818818862447 0.4307722016196254 
0.0 -0.11376523455084664 -0.9656156015326944 -0.2940619910430531 0.7364188206007001 0.9379599830409733 
56.0 0.26159732167793925 -0.4880514006211354 -0.8883721218645015 0.7765173969128982 -0.648538677723455 
0.0 0.6839458398795211 -0.3125916795232202 -0.9470600984673045 -0.9161775587496916 0.9236520930838352 
0.0 0.08404281194173646 0.28041369768247115 0.7550628030110142 -0.2677143815531846 0.15857593645044954 
0.0 -0.11258302563102518 0.0011233756967956587 0.674205271044442 0.7251457291922396 0.23781695916750722 
128.0 -0.7927391909237564 -0.9979239621697988 -0.3539019969319668 -0.6648474513468976 -0.8418261945168999 
0.0 -0.16038918155710302 -0.6127914931453879 0.24473520085196565 -0.21799671309727264 -0.7543339151508928 
128.0 -0.2841274057764749 -0.7047893008508945 -0.8725065568984627 0.5576404961341705 -0.32208924293671615 
0.0 0.07339061723224938 -0.27785970802455306 0.9042940639920833 -0.31491684296223577 -0.6124699484101781 
20.0 -0.7514635847728035 0.8937053486079791 -0.3806786442633818 0.47624105435479613 -0.817831575177933 
0.0 0.18598232749151689 -0.12878588007269465 -0.01886668744124198 -0.3641161406368143 -0.1186348129176189 
0.0 0.14271488363872153 0.27043844589686716 0.855526941821382 0.14436544181158784 -0.30322418751692615 
0.0 0.10213948932634032 -0.5308133144241973 0.3177590996957633 0.766589287079694 0.183504665782531 
0.0 0.6266013895016536 -0.8746234452973025 -0.08134485540280267 -0.8804946699568466 -0.9600398877403138 
24.0 -0.25524042246500245 -0.4274400558525062 -0.8779351553012416 -0.7666686763434458 0.6190732689911338 
0.0 0.745964996850226 -0.0786301626796142 -0.39121785091020045 -0.14263061391269694 -0.023118436115605157 
8.0 0.24448129865230817 0.2667942154937386 0.32401435946157586 -0.17088371393745594 -0.9413532817652408 
8.0 -0.5698302092166336 0.7791435342245854 -0.5306836059045219 -0.6314485269241146 0.561844665542625 
0.0 0.8062567368643108 -0.4826999084495198 0.2540113608527186 -0.22538270709135144 -0.37550053211773426 
48.0 -0.6129661367179566 0.1446602061520308 -0.5897251954141085 -0.4381452084334685 -0.06738130465948511 
8.0 -0.35492597725708275 -0.7733987977041086 -0.5855125135860586 0.09085280510402738 0.7363665680773852 
104.0 -0.5471920516900259 -0.7426997675414464 -0.5621094815830798 -0.8619202358005362 -0.40543977112352336 
8.0 0.4271041551717092 -0.959190038923184 0.38617792115633454 -0.48200173701547233 -0.6659154766468471 
148.0 -0.6652272127884942 -0.7803524282497363 -0.8604781888729431 -0.5406404710533759 -0.5948770145515501 
0.0 0.4790105001526208 0.5174971858692732 0.07284781979130295 0.7101861107734162 -0.12236042083228815 
0.0 0.19648601508620755 0.3999718101655285 0.48268331955580246 0.8827697019710723 -0.4428512495691721 
8.0 -0.16450933914730737 0.42336201711709753 -0.6836634354314504 0.11816280200948293 -0.028122999988914543 
0.0 0.4876177599872247 0.42040705684244717 0.25505563035508194 -0.4350719257598268 -0.32058417352595825 
0.0 0.507534234028461 0.4968165531987321 0.46147031547511386 0.43212313212122067 0.01698932254497665 
176.0 -0.6675065140505319 -0.8430481099702769 -0.57858524179658 0.1535404495982513 0.46359843400600975 
0.0 0.5420881889121112 -0.4356807548889847 -0.18714741686037617 -0.7142464589308364 0.2475881428911808 
0.0 0.16759499533391242 -0.21638858750924395 0.3999326526457976 -0.32825812178602853 -0.8454079528346563 
8.0 0.13446085760595783 -0.8841303953106985 0.3885082257292076 0.45236145184975585 -0.9732811811773383 
8.0 0.6624382273151943 -0.6197261135301908 -0.625331449483828 -0.02474287759663185 0.35283512536675743 
16.0 -0.9028104107910278 0.12779752446234305 0.2816904142130743 0.48057426273667914 -0.5310905622783124 
0.0 0.18314159230410132 0.017998639463570054 0.08111981202757512 0.5695575582745835 0.678069503171816 
0.0 0.6226034171677903 0.10816134185743742 0.4357994359933486 -0.7284294918028644 -0.922495298048658 
108.0 -0.3664524177340629 0.029037279788516335 -0.1708639743722442 0.7436562325874074 0.2190947150630016 
0.0 0.791044546164342 0.8697445211399961 0.4004322163342484 -0.49407699212302214 0.5359626241614754 
0.0 0.04198378334033781 -0.24446703682858084 0.6455168931032547 0.8140981403364966 0.7234462405055524 
0.0 0.3230545377614187 0.26274699107729904 0.369325325957214 -0.548991965588 0.529464064373607 
0.0 0.12544752173496065 -0.5116704507203913 0.00896164363094143 -0.02134720683432567 0.41816548363111217 
8.0 -0.40021269984803487 -0.42306146680132173 -0.09644049049779246 -0.7462313689848279 0.31275553908659104 
0.0 -0.905729364848743 -0.9172314986050167 0.9791676329285741 -0.5065543352742776 0.9856471345030782 
76.0 0.08938958310465495 -0.5945177722778354 -0.9235310105361745 -0.08631906761763775 -0.5392234282329307 
0.0 -0.3398456763691027 0.45190068179822895 -0.16118692937073154 -0.9105739082340727 0.6663107661995431 
80.0 -0.42966061956821955 -0.3656620563663371 -0.6055721691214093 -0.24200121621637583 -0.6353819693164762 
0.0 -0.6954663114466577 0.7232284499487556 0.8744614092009921 0.5423538936487835 0.8920652090265795 
104.0 -0.14734554915544296 -0.6727682840570752 -0.7447559280462341 0.15567933460507666 -0.6060584449283506 
128.0 -0.9468875518392597 -0.16062648132928725 -0.009926682810508014 -0.43230856120031835 0.09380466002078669 
0.0 -0.33379584832094067 -0.5251308766308627 -0.33439178460713803 -0.6952113633209727 0.8756649353942998 
0.0 -0.38137656542613696 0.2555609797225944 -0.13393330537986925 -0.8531929306710626 -0.07140314980390094 
0.0 0.07160990930606115 0.07832150995582987 -0.19577363381642354 0.01251315831824007 -0.026403478009884296 
0.0 -0.4112018523375127 0.4472736930369461 0.7836276805930273 0.45219644760276423 0.11535287952298101 
0.0 0.7480415160582057 0.18883378476926183 -0.5172456415406854 0.7697220132491991 0.8794398920266902 
0.0 -0.1083451147603054 0.9656085531359435 -0.42279576974028044 0.572524331318925 0.46298596337103426 
0.0 0.8056563396896603 0.6550298483966752 0.5970836676695417 0.43067120713672136 -0.8221821086735883 
20.0 -0.7023503148340564 -0.5685746938600278 0.1753217687819748 -0.6187670026267726 0.7487343068155259 
0.0 0.43773482679873155 -0.4937120998233939 0.2796894278673039 -0.45059422815504613 -0.07415275342412952 
8.0 0.692882410554438 -0.9463496595837135 -0.7880796207784855 0.47777992575929207 0.17926425999911233 
100.0 -0.8365937527007756 0.34682442216413367 -0.9537899014445923 -0.7678875613205907 -0.5723815726527355 
8.0 0.7469477300953358 -0.4229915439304741 -0.39065877116684544 0.16917478749254822 -0.93608889354787 
0.0 0.7369634979084576 0.7709977587366441 -0.3425196150300316 0.8051938686745388 0.5119927803165012 
72.0 -0.2592540786866879 -0.1515943120029435 -0.5266497419510654 0.27023283820330013 0.5268556164628637 
0.0 0.7375874184742417 -0.30128255001941695 0.8113771574309234 -0.7961642053164664 0.36481246919174737 
24.0 0.9000332849172497 -0.08274483984511272 -0.626243351958492 -0.5746120164229662 -0.25998509795649216 
0.0 -0.3192561356594825 0.49462116806650336 0.1388777432841013 0.671653809666179 -0.097723900589882 
0.0 -0.3860425110105792 0.7224414258130403 -0.12105603070682336 0.8439010433623202 -0.008761541344598722 
0.0 0.2033405415313838 0.7094350586634184 0.42848809881291805 0.9425291149356632 -0.1440599461007881 
120.0 -0.7579071108007007 -0.234175618215007 -0.302541184749088 -0.1485419883649186 0.3161671566785871 
52.0 -0.20678976577540453 -0.33447316880299804 -0.5330673221247719 0.20463674638724005 0.46308131751485826 
0.0 -0.171870634338535 -0.9565214049351309 0.9954615587915601 -0.552705117734569 -0.6989531947195093 
48.0 -0.7728714534156944 -0.9785025925924609 -0.6907844119903275 -0.21537113115238493 0.6603483528187579 
0.0 -0.618126446032121 0.4463635479107524 0.5646657577947063 -0.3523476535716874 -0.1663666110487252 
24.0 0.1229298369694043 -0.5781440575850689 -0.6560422184831389 -0.6196295630176178 -0.9890185187098008 
84.0 -0.9036575986922086 0.5332534859193483 -0.08787053451376647 0.32072214020615797 -0.9994280882141682 
0.0 0.5367533140598264 0.9897464414821497 -0.7513385174268272 -0.09067377742698657 -0.1755504479671437 
0.0 -0.14298598288188558 0.8778147962792899 -0.8658407534829573 -0.3196081885816149 0.4620477185190017 
0.0 0.39180617645920557 -0.235277910969657 0.6897823753081362 -0.24572744781213385 -0.7395170018652928 
0.0 -0.4458584293933261 0.18705649606268393 -0.407101093099403 -0.7418711823565733 0.9750416156952182 
0.0 -0.42407465315936954 0.2650300244423971 0.6823778193494408 -0.6520740656772739 -0.3077121377581342 
0.0 0.25006037149860294 -0.0790390286942022 0.6135979791211701 0.31891521914622234 0.7843848196547334 
0.0 0.2858347615273824 0.8321487523590643 -0.3839790453776273 -0.07862711506657871 0.417374776164001 
72.0 -0.5490150578889295 -0.8287108938413581 -0.6011206715669648 0.13782375192611496 -0.38531407076645197 
0.0 0.5660643749250034 -0.36916986155533915 0.3849320475589526 -0.872478252132934 -0.38466709642282826 
0.0 -0.9178771774354886 -0.9614567782259227 0.8827001806936694 -0.538773240906105 0.7916072082789944 
0.0 0.5236168405818766 -0.077493778255745 0.11862147304349535 0.9855773179716611 0.6786799278825428 
0.0 0.6595397644841996 0.8993816962817407 -0.33761549155105985 -0.07451443789180168 -0.15660001642963461 
132.0 -0.2634685320868919 0.07856004491809743 -0.9326009331609693 -0.4082865202656025 -0.9753730261535409 
0.0 0.2713910284029313 -0.22091687927706705 0.6300874575189284 0.6034295435967363 0.6146094079529452 
0.0 -0.3785138072782359 -0.23859119751705227 0.1545730598525501 -0.8445522448575822 -0.48628733689774806 
0.0 0.07225699313197231 0.3306043182947038 -0.07820340803047365 -0.6660129499258545 -0.7785756721932564 
8.0 0.41425915419917825 -0.4091382606063356 -0.36599430302271707 -0.30586561745092067 -0.024853437129502387 
0.0 -0.3925695884317606 0.2998040743702606 -0.13171280959277043 0.925127573284344 0.12648641996849563 
0.0 0.24551599413317393 0.6904928405905053 -0.8339410537725405 -0.39747198538898165 0.4779506182519857 
0.0 -0.33121114802706475 0.810118998548113 -0.15882037871800647 0.6990399070678646 -0.5510370128775013 
0.0 -0.0013892838435629606 0.21553732432424666 0.5994237455576727 -0.32704084517026044 0.9195357717951669 
0.0 0.32363435161833665 0.3835009940054499 0.49822821570855513 -0.6410019476099511 -0.7884272418749136 
0.0 0.9200815822250659 -0.07679413796297174 0.8670656248570334 0.5578927170731975 -0.4941613239708691 
64.0 -0.5957732036677248 -0.17806278329792047 0.001559710811095849 -0.41258457143983374 -0.2268242865505734 
164.0 -0.5971269916616491 -0.030243197708580194 -0.7597722967401506 -0.20816077524573418 -0.3856915059470791 
0.0 0.3450509831776656 0.281847209694708 -0.28028363366472253 -0.4045972026606375 -0.15274602901155543 
0.0 -0.10781658870307687 0.9324187032991715 0.919640689072009 0.03044517595463314 -0.10792232011468239 
0.0 -0.05179121547408716 -0.6928852515292159 -0.3433997980289951 0.44324297253282396 0.6543221284749616 
224.0 -0.7647276765772022 -0.24354891118296185 -0.9883657094299789 -0.06158396200524807 0.036571863622557155 
24.0 -0.48451747444653126 -0.49309274908138745 0.24949292097728226 0.29288849530478056 0.4680971683756352 
0.0 0.18715121840534032 -0.9746212911296599 0.449222153156172 0.9596248892023298 -0.7547806151848311 
8.0 -0.788734084103456 0.5358645159857287 0.26068399747319804 0.35126547105688877 -0.42819054321444194 
8.0 0.5932211889955001 -0.2335819879260035 -0.2046002796188684 0.013377531410794674 0.685490960703069 
132.0 -0.45454095626745583 -0.8392010762238811 -0.32643154408821684 -0.059461376463736615 -0.8167662551228496 
0.0 0.487908435413563 0.26977680610033383 0.7736219504927497 -0.5026184926112662 -0.3527651325464245 
0.0 -0.9843992744848513 -0.5980681103202574 0.9121689398072914 -0.5080007278425389 -0.3805582204028817 
0.0 -0.3756242914571961 -0.9492642248314942 -0.07072577967226845 -0.4981291970911581 0.9414841394241329 
0.0 0.6578540139377476 0.30600561003730564 0.5947131112605537 -0.5962080927323405 0.007296148762757859 
0.0 0.32260865892996016 0.3702255446378029 -0.07900787615417171 0.7600543006428748 0.45394941719159787 
0.0 -0.06457151370987169 -0.6368269228204249 0.06166192036562723 -0.46377303902351086 -0.9839513970994671 
