16.0 0.19624827749974205 0.3490445968089595 -0.7270581247493293 -0.6634838913701604 -0.2862352360350533 
0.0 -0.23723527910141406 0.19886561130564062 -0.5406561231872677 -0.7926704003846903 0.23468588996036654 
1720.0 -0.15116296200017532 -0.26788014825030304 -0.3202086016749577 -0.21162290243653192 -0.5439362264915766 
544.0 -0.9446050737870224 -0.15622721955067553 0.0008324339441923012 0.23378584042888906 -0.5301292095925649 
1296.0 -0.6967798263111216 0.03216137206980951 -0.6154415936072763 -0.8121243635165158 -0.22560075102397414 
248.0 -0.7707420486865757 -0.2779962310547113 0.053058803414704814 0.2767951297402673 -0.03503560628527769 
72.0 -0.29125733394970865 -0.5238387642772286 -0.6530961127118522 -0.884431417076692 -0.2862352360350533 
3264.0 -0.8956732528233073 -0.6102767702182041 -0.8774776360814249 0.8109383792942761 -0.7819648163344 
516.0 -0.75107618737312 -0.26788014825030304 -0.09598658316574427 -0.29930993428501496 -0.8821660913320204 
120.0 0.13451162159492958 -0.9740385293214706 -0.2882150952132936 0.36190674322117733 -0.5088741824856275 
16.0 -0.4620973940737818 0.8831565404764752 -0.607063788648154 0.16752435509683528 -0.2624103224663583 
2080.0 -0.6657006917344219 -0.6138780619217183 -0.7760131035288971 -0.2769205814917066 -0.7386647358010918 
0.0 -0.26340954179781684 -0.3419869272266245 0.958075552625518 -0.11610960829436978 0.4461405488173351 
1324.0 -0.6657006917344219 -0.8920147180201532 -0.5496224332771298 0.9477412881390554 -0.7157943912209164 
9000.0 0.016746006617971432 -0.15622721955067553 -0.8774776360814249 0.6936556476808216 -0.5301292095925649 
1568.0 -0.24118300330507503 0.17359743381192838 -0.37429788985189094 0.2767951297402673 -0.09079144313861476 
2468.0 -0.7247874617598373 0.03978025593260992 -0.7659322762729603 0.9022361537833632 -0.20168183436055886 
2684.0 -0.8373033464610988 -0.3481417807532321 -0.9892966366692719 -0.17082751850083455 -0.2862352360350533 
4396.0 -0.5732620124211922 -0.3481417807532321 -0.9801117842452796 0.9118465345985602 -0.7732902704648483 
32.0 0.2097110998043772 -0.5751393345095397 -0.2194523325050184 0.9684920101897792 0.07743475877312678 
6416.0 -0.26186219715379844 -0.3481417807532321 -0.9892966366692719 0.2767951297402673 -0.03503560628527769 
6028.0 -0.5732620124211922 -0.15291120602693375 -0.7270581247493293 0.9556829335607213 -0.17826514624733036 
608.0 0.22402821149412122 -0.3481417807532321 -0.4908361658310214 0.07993518367828134 -0.9209341104047744 
956.0 -0.23723527910141406 -0.12248545791671317 -0.33816179693055526 -0.29930993428501496 -0.9745621832850586 
3216.0 -0.9542251869127778 -0.41302856102350516 -0.9208867704093393 -0.034104385020654826 -0.22560075102397414 
344.0 -0.23723527910141406 -0.6838284773233252 -0.33816179693055526 -0.2769205814917066 -0.7386647358010918 
140.0 0.42821931814845526 0.18688610580043985 -0.7309375578491646 0.9118465345985602 -0.9209341104047744 
632.0 -0.8775470058000223 0.0915454917176135 -0.8248401626001454 0.17382518473987063 0.3413476210650399 
8.0 0.3455260930261099 -0.14153545808238066 -0.05434085134377731 -0.9300346022135266 -0.22560075102397414 
8.0 -0.7923718551407968 0.5223752842332874 -0.12709187342360795 -0.5904593142137042 0.10684683431120856 
580.0 -0.9951492511299909 -0.10093414516942611 -0.14309807820116727 -0.22883040997107273 -0.9209341104047744 
164.0 -0.26340954179781684 0.18688610580043985 -0.7309375578491646 0.960735903494486 0.21214240362469505 
532.0 -0.5412518911384849 -0.5751393345095397 -0.44523339047807897 -0.4276338396562309 0.21214240362469505 
1884.0 -0.31819242322925145 0.18688610580043985 -0.5998482877280253 0.7721191481642662 -0.3976651140795211 
4436.0 -0.6539545709237469 -0.41302856102350516 -0.9208867704093393 -0.25874855377273964 -0.3534800910137115 
4560.0 -0.5282774873855016 -0.3481417807532321 -0.9892966366692719 0.9118465345985602 -0.378175715124641 
3316.0 -0.2599185167609026 0.18688610580043985 -0.9541127923421755 0.7721191481642662 -0.8202627118071322 
1148.0 -0.9907373083289737 -0.4903890179373538 -0.3020808030212312 0.38606555921890084 -0.2100267281433017 
5956.0 -0.8775470058000223 -0.35195300184609035 -0.9367808684446559 0.17382518473987063 -0.038327557184860694 
0.0 -0.31819242322925145 0.18688610580043985 -0.7309375578491646 0.35593985014440976 0.7936943912478451 
0.0 0.8082997278167634 0.3490445968089595 -0.18358994431014541 -0.25874855377273964 -0.2862352360350533 
2308.0 -0.9170605344447065 -0.20962760082486565 -0.7472034337825015 0.9289952655053968 0.2431703360917663 
0.0 -0.26340954179781684 0.6868241950036382 -0.018205432200449456 0.960735903494486 0.39752384818203 
704.0 -0.9618462712749987 -0.7883300782418456 -0.607063788648154 -0.6481987337368422 -0.2624103224663583 
6304.0 -0.15449309775748832 -0.2779962310547113 -0.6424565673087796 0.07507911469925199 -0.585166551398898 
480.0 -0.44256824131806694 -0.2356947569269623 -0.4908361658310214 -0.11582655348707283 0.8874926604384081 
1964.0 -0.7918052816242533 0.03978025593260992 -0.7659322762729603 0.40576932471638294 -0.3945414914878247 
2316.0 -0.6231183238801072 -0.6102767702182041 -0.8343357681669819 0.6936556476808216 0.22847817447481145 
4780.0 -0.36339975965198157 -0.26788014825030304 -0.8428676629129603 0.5998999842357378 -0.8821660913320204 
1296.0 -0.5282774873855016 -0.08218060839425023 -0.2141378892295116 -0.11582655348707283 0.5832347542705785 
0.0 -0.5079479676689658 0.37539557948946856 -0.5210588957710689 -0.030391355556263377 0.7793373362688141 
1028.0 0.13451162159492958 0.2676792507413255 -0.8343357681669819 0.36415362517906824 -0.7897429149664295 
0.0 -0.23723527910141406 0.9412125455532521 -0.8248401626001454 -0.11582655348707283 -0.6132805348796215 
1392.0 -0.6967798263111216 -0.757422568159765 -0.9801117842452796 -0.8121243635165158 -0.7732902704648483 
8.0 -0.6845443190043443 0.4834788407496322 0.48195948297909164 0.25138613695296086 -0.7732902704648483 
8.0 0.5485675246347046 -0.15291120602693375 -0.44385127647581757 -0.6634838913701604 0.013699530004960492 
3204.0 -0.5377630894882055 -0.35952844373653625 -0.9702557515686625 0.9118465345985602 -0.9209341104047744 
56.0 -0.24118300330507503 0.03216137206980951 -0.37429788985189094 -0.7151741685414179 -0.22648540072181556 
3432.0 -0.5732620124211922 -0.6138780619217183 -0.9801117842452796 -0.3160788125925107 -0.7732902704648483 
668.0 -0.9063839789696391 0.6254526154890343 -0.5381350796789954 -0.5497412749340835 -0.9382186081407307 
2592.0 0.016746006617971432 -0.6102767702182041 -0.9837962795418382 0.3570893238209407 -0.7372723032753603 
0.0 0.7165512241605252 0.3490445968089595 -0.6501807089451965 -0.17082751850083455 -0.038327557184860694 
0.0 -0.9170605344447065 -0.20962760082486565 0.9258284803465788 -0.17082751850083455 -0.2862352360350533 
0.0 -0.23723527910141406 0.08587136325591471 0.548945300097021 0.40576932471638294 -0.3945414914878247 
4164.0 -0.860362954718296 -0.15291120602693375 -0.8818389356315239 -0.23162219211962576 -0.17826514624733036 
3044.0 -0.9446050737870224 -0.10186921395796733 -0.6698652603077357 0.9556829335607213 -0.5301292095925649 
964.0 -0.6231183238801072 -0.5257593735283765 -0.4422975179505908 0.16752435509683528 0.4719016391640145 
368.0 -0.39098945680360075 -0.4244723815952063 -0.4544648730538292 0.2039608689496808 0.5832347542705785 
6052.0 -0.8260952793840155 -0.2356947569269623 -0.9837962795418382 0.3570893238209407 -0.6435571117705683 
728.0 -0.5947071552670791 -0.3481417807532321 -0.2565110428887645 0.9118465345985602 0.859796082214423 
924.0 0.4165955631345699 -0.2346327401024142 -0.4358609735508703 0.6835717695579842 -0.7819648163344 
692.0 0.016746006617971432 -0.7418501008646985 -0.29061610346736977 0.6936556476808216 -0.9745621832850586 
1292.0 -0.75107618737312 0.03216137206980951 -0.22221705828140204 -0.21162290243653192 0.6130285474924784 
1820.0 -0.9446050737870224 -0.15622721955067553 -0.6530961127118522 -0.8843097592095106 -0.9973797390383152 
1944.0 -0.8025060029041351 -0.22945036009149056 -0.5406561231872677 0.6272559031336491 -0.9019105043318545 
288.0 -0.8397090146415351 0.47543924739530463 -0.3020808030212312 0.38606555921890084 0.40595716980733343 
32.0 0.20503612891528777 -0.8612097719158422 -0.6501807089451965 -0.27419453047145814 -0.038327557184860694 
540.0 -0.5260364293116098 -0.6060673931199647 -0.6161053836895387 -0.7926704003846903 -0.9019105043318545 
0.0 -0.9542251869127778 0.47543924739530463 0.6715825350419797 -0.25874855377273964 -0.7821212746607384 
416.0 -0.21261806057756205 -0.005324597252710728 -0.3020808030212312 0.17382518473987063 0.3413476210650399 
968.0 -0.7918052816242533 -0.12960258299522454 -0.7659322762729603 -0.3499542270886895 0.9518508201316409 
8.0 -0.9046850897840841 0.6578472291108857 0.1794796266875478 -0.8563956285676999 0.1208323736667829 
248.0 -0.9046850897840841 0.6578472291108857 -0.10447604052272763 -0.22157657982431656 -0.3534800910137115 
768.0 -0.3010483533179624 -0.2356947569269623 -0.21758487548351746 0.07993518367828134 -0.887264763244421 
0.0 0.7845056239558221 0.2676792507413255 -0.22872270397575445 -0.22157657982431656 0.05652806545914468 
0.0 0.9257979183652594 -0.6060673931199647 -0.607063788648154 0.8692768230080983 0.17234254038653196 
0.0 -0.304590643342711 0.19886561130564062 0.17444919469166842 0.7145639958401924 -0.22560075102397414 
60.0 -0.5377630894882055 0.47543924739530463 -0.7549827605099386 -0.9536689057484049 -0.7821212746607384 
3072.0 -0.967933405743892 -0.17207214232052115 -0.7549827605099386 -0.2710828906066194 -0.08054657649618191 
948.0 -0.23723527910141406 -0.48233353667537515 -0.33816179693055526 -0.07305784220804767 -0.11531910489347608 
1916.0 -0.9951492511299909 -0.3481417807532321 -0.4422975179505908 0.16752435509683528 -0.6316734075222112 
16.0 -0.26340954179781684 0.1270292412881815 -0.44523339047807897 0.5145651869076211 0.5706943621388971 
2508.0 -0.9744447912303169 -0.08218060839425023 -0.8248401626001454 -0.7745056800039127 -0.518317700389137 
1968.0 -0.9046850897840841 -0.08218060839425023 -0.547760176760981 -0.11582655348707283 -0.3534800910137115 
3080.0 -0.5732620124211922 -0.10186921395796733 -0.18358994431014541 0.9556829335607213 0.24235315201941154 
620.0 -0.6657006917344219 0.6119640333250587 -0.8774776360814249 0.6936556476808216 -0.7157943912209164 
24.0 0.5585457931310749 -0.39178131570242636 -0.6501807089451965 -0.7749006210160394 -0.038327557184860694 
2648.0 -0.9951492511299909 -0.3481417807532321 -0.607063788648154 0.4963991716541276 -0.2624103224663583 
2368.0 -0.9907373083289737 -0.7072722334374695 -0.9760087811005067 0.9528027793238767 -0.6783759431062792 
2708.0 -0.75107618737312 -0.41302856102350516 -0.9208867704093393 -0.25874855377273964 -0.8821660913320204 
240.0 -0.3300012957438927 -0.35195300184609035 -0.22221705828140204 -0.5746741437856366 -0.22648540072181556 
188.0 -0.3300012957438927 -0.9237380546351353 -0.2001290520727732 -0.27419453047145814 -0.12764550921705697 
1580.0 -0.8060704074201435 -0.08218060839425023 -0.7270581247493293 -0.7245849023495077 0.5832347542705785 
728.0 -0.8775470058000223 0.09421054909686077 -0.9837962795418382 0.17382518473987063 0.3413476210650399 
1300.0 -0.6741977547584799 -0.7107176253320435 -0.6094122867725222 0.3057732038095917 -0.7684269275534799 
0.0 -0.7901581711059429 0.5533045186422978 -0.948459680662407 0.36190674322117733 0.30875931785764643 
10560.0 -0.3300012957438927 -0.3481417807532321 -0.8397477989987849 -0.27419453047145814 -0.038327557184860694 
1916.0 -0.8355235948215769 -0.6838284773233252 -0.7760131035288971 -0.2769205814917066 -0.8202627118071322 
384.0 -0.8060704074201435 -0.7905111481064584 -0.5210588957710689 -0.6634838913701604 0.5929016965811928 
2252.0 -0.9907373083289737 -0.6308637695803319 -0.9760087811005067 -0.9279895983575308 -0.5301292095925649 
5400.0 -0.15116296200017532 -0.10328602654185826 -0.6154415936072763 0.4702732027614336 -0.22560075102397414 
1348.0 0.17386361331530775 -0.3484956409424338 -0.44523339047807897 0.22315113808223086 -0.9471315777269347 
584.0 -0.8775470058000223 -0.5199400160097396 -0.12635021834994675 0.17382518473987063 -0.5179208308639691 
2352.0 -0.7573113012036499 0.08587136325591471 -0.41714289815781536 -0.0329056198483606 -0.1947462395430435 
4836.0 -0.8212017390905149 0.3490445968089595 -0.8248401626001454 -0.11582655348707283 -0.2862352360350533 
680.0 -0.6122174478512745 0.40770888118665005 -0.5210588957710689 -0.27419453047145814 -0.038327557184860694 
1044.0 -0.23723527910141406 -0.5238387642772286 -0.33816179693055526 0.3639927692244409 -0.9973797390383152 
0.0 0.44599596523250895 0.6254526154890343 -0.12635021834994675 0.9572135396686303 0.3413476210650399 
376.0 -0.9063839789696391 -0.29964294535376834 0.016705097318074902 0.5437835911551752 0.2431703360917663 
3652.0 -0.6657006917344219 -0.2356947569269623 -0.4908361658310214 -0.3160788125925107 -0.034107544832522985 
0.0 -0.15449309775748832 0.47543924739530463 -0.6424565673087796 -0.6377864927633201 -0.7821212746607384 
184.0 -0.19237404965012628 -0.3484956409424338 0.0002458863521912491 0.36190674322117733 0.21214240362469505 
16.0 -0.4530117630243471 -0.6060673931199647 0.3308738414808512 0.766361622569167 0.17234254038653196 
1000.0 -0.9446050737870224 -0.8920650792833713 -0.48043497820413417 0.732617605983003 -0.5301292095925649 
8.0 0.5668695283233818 -0.41302856102350516 0.2972236291749424 -0.25874855377273964 0.5920208962585027 
1804.0 -0.9542251869127778 -0.7230921130024974 -0.6530961127118522 -0.361495899785371 0.6032416946996293 
1100.0 -0.16956694921462123 -0.22365595822487472 -0.35678791333143356 -0.1646662177187872 0.17234254038653196 
648.0 -0.6741977547584799 -0.15622721955067553 -0.6698652603077357 -0.8586418817004706 0.9686346565080273 
0.0 0.09958545749356862 -0.26788014825030304 -0.49272798723652134 0.8099125267493907 0.5740785862307893 
0.0 0.011380754325911235 -0.6060673931199647 0.012727542462228403 -0.1646662177187872 0.5446632647428189 
0.0 -0.9446050737870224 -0.6138780619217183 0.3306561690768772 -0.9279895983575308 -0.7157943912209164 
552.0 -0.8373033464610988 -0.595680426089422 -0.18358994431014541 -0.17082751850083455 -0.5088741824856275 
664.0 0.33650178558915034 -0.2346327401024142 -0.5441540190804748 0.8109383792942761 -0.5088741824856275 
2088.0 -0.746610885230071 0.08587136325591471 -0.4469795195141584 0.559373675637711 -0.3945414914878247 
0.0 -0.923858145485718 0.8661171741858784 -0.6154415936072763 -0.034104385020654826 0.4019102406033461 
1256.0 -0.9907373083289737 -0.7198221249655321 -0.36985169081719516 0.7734725041037411 0.11119176783414897 
40.0 -0.9446050737870224 0.048319327835087966 0.07980663286822876 -0.9279895983575308 -0.5301292095925649 
152.0 -0.3204437062650305 -0.15291120602693375 -0.3020808030212312 -0.6634838913701604 0.07751191810268598 
3636.0 -0.991355538050255 -0.005324597252710728 -0.5992824158562418 0.17382518473987063 -0.17446456422018053 
1880.0 -0.45491660178678694 0.47543924739530463 -0.9760087811005067 0.977876076732966 -0.7821212746607384 
1196.0 -0.19237404965012628 -0.210212623318617 -0.6530961127118522 -0.361495899785371 -0.9973797390383152 
5200.0 -0.304590643342711 -0.14153545808238066 -0.4908361658310214 -0.035665679097553804 -0.22560075102397414 
780.0 -0.6011787083290716 -0.10186921395796733 -0.9801117842452796 -0.3499542270886895 0.9518508201316409 
4964.0 -0.6011787083290716 -0.12960258299522454 -0.7309375578491646 0.7721191481642662 -0.30823762894936557 
2660.0 -0.9907373083289737 0.18329843378537536 -0.7309375578491646 0.7721191481642662 -0.2100267281433017 
240.0 -0.4118408373885336 -0.6243181290165523 -0.5210588957710689 0.16752435509683528 0.5929016965811928 
80.0 -0.09348625333982685 -0.26788014825030304 -0.49272798723652134 -0.7749006210160394 -0.6221525237556922 
984.0 -0.991355538050255 -0.8920650792833713 -0.5938069204585876 0.6272559031336491 -0.17446456422018053 
72.0 -0.8956732528233073 -0.4970559173624831 0.3819241375737481 0.8109383792942761 -0.7819648163344 
456.0 -0.8775470058000223 0.13614600204102567 -0.12635021834994675 -0.23162219211962576 0.3413476210650399 
324.0 0.13451162159492958 -0.7828552388715366 -0.6154415936072763 -0.034104385020654826 -0.7897429149664295 
1436.0 -0.9990072344127372 -0.6335725916343393 -0.607063788648154 -0.5509395302921216 -0.2624103224663583 
3960.0 -0.8225371256580445 -0.14153545808238066 -0.6154415936072763 -0.0023675646797474137 -0.22560075102397414 
496.0 -0.8775470058000223 -0.6230995120312075 -0.12635021834994675 -0.21162290243653192 0.3413476210650399 
32.0 -0.8775470058000223 -0.005324597252710728 0.39672657514743315 0.6272559031336491 0.6245097762882692 
13616.0 -0.15116296200017532 -0.10328602654185826 -0.3202086016749577 0.5346942654370659 -0.038327557184860694 
1220.0 -0.7918052816242533 -0.7069665321161622 -0.7659322762729603 -0.0499683021891244 0.563771623327662 
0.0 0.8697841821618273 -0.2356947569269623 -0.4422975179505908 0.07993518367828134 -0.6435571117705683 
1996.0 -0.75107618737312 -0.22365595822487472 -0.7856322093600039 -0.21162290243653192 0.008229452961734385 
0.0 0.8907289185476699 0.6254526154890343 -0.7472034337825015 0.22315113808223086 -0.010741003357327417 
2040.0 -0.75107618737312 -0.41302856102350516 -0.49272798723652134 -0.25874855377273964 -0.5007541322033302 
108.0 0.016746006617971432 0.4226809139707235 -0.8774776360814249 -0.034104385020654826 -0.22560075102397414 
3112.0 -0.304590643342711 -0.5571656082869243 -0.6034022400424595 0.9572135396686303 -0.22560075102397414 
0.0 0.5592598731869096 -0.08218060839425023 -0.7309375578491646 0.7721191481642662 0.5832347542705785 
16.0 0.43396934575930635 -0.7198221249655321 -0.7712619367701716 0.6852208296707509 0.11119176783414897 
2636.0 -0.8775470058000223 -0.005324597252710728 -0.4908361658310214 0.07993518367828134 -0.6435571117705683 
1760.0 -0.9951492511299909 0.2475100675285069 -0.9760087811005067 0.9118465345985602 -0.2100267281433017 
864.0 -0.9063839789696391 -0.6138780619217183 -0.20783734819126876 -0.3160788125925107 -0.9382186081407307 
52.0 -0.8260952793840155 0.09421054909686077 -0.7549827605099386 -0.8406792709414854 0.4822004069533301 
136.0 0.18131606838196968 -0.41302856102350516 -0.9208867704093393 -0.25874855377273964 0.3413476210650399 
2000.0 -0.8956732528233073 0.18688610580043985 -0.4358609735508703 0.7721191481642662 -0.8202627118071322 
2948.0 -0.21261806057756205 -0.10186921395796733 -0.5767739969542205 0.9556829335607213 -0.7732902704648483 
2236.0 -0.6657006917344219 -0.14153545808238066 -0.6154415936072763 -0.3160788125925107 -0.7157943912209164 
60.0 -0.39098945680360075 0.739966296554464 -0.8050621614470646 0.2039608689496808 -0.2624103224663583 
2212.0 -0.8748419783763632 -0.6838284773233252 -0.770453647409286 -0.3294117622536825 0.0039050232405355434 
1828.0 -0.8956732528233073 0.3490445968089595 -0.4358609735508703 -0.17082751850083455 -0.2862352360350533 
3116.0 -0.8025060029041351 -0.14098415617463633 -0.5406561231872677 -0.2370075249369512 0.6245097762882692 
604.0 -0.37624542233382163 -0.10093414516942611 -0.4255257977863287 -0.7926704003846903 -0.6730500298638884 
964.0 -0.9907373083289737 -0.7970108294894889 -0.5938069204585876 -0.618802918108823 -0.2100267281433017 
1500.0 -0.8060704074201435 -0.7107176253320435 -0.6094122867725222 -0.5081959004334651 -0.17826514624733036 
488.0 -0.678168092911313 -0.10186921395796733 -0.018205432200449456 0.6835717695579842 -0.7732902704648483 
3576.0 -0.31819242322925145 0.08587136325591471 -0.6424565673087796 0.7721191481642662 -0.3945414914878247 
156.0 -0.16956694921462123 -0.8845801002792606 -0.7856322093600039 0.5444127875136147 -0.007635800910088308 
1984.0 -0.5282774873855016 0.08587136325591471 -0.2141378892295116 0.8719105868066066 -0.3945414914878247 
724.0 -0.9542251869127778 -0.41302856102350516 -0.12635021834994675 -0.25874855377273964 0.3413476210650399 
2468.0 -0.7872021082767473 -0.35952844373653625 -0.9801117842452796 -0.8406792709414854 -0.08054657649618191 
544.0 -0.5412518911384849 -0.3481417807532321 -0.07571592161967655 0.9684920101897792 -0.9209341104047744 
1080.0 -0.9907373083289737 0.18688610580043985 -0.9760087811005067 0.977876076732966 0.03353237613546334 
232.0 0.016746006617971432 -0.6102767702182041 -0.8774776360814249 -0.5350830552173067 -0.9298160419746042 
484.0 -0.5732620124211922 -0.3484956409424338 -0.04628716542544753 0.9556829335607213 0.21214240362469505 
1088.0 -0.967933405743892 -0.9349089471537086 -0.7274853882049848 -0.23162219211962576 -0.3534800910137115 
104.0 -0.991355538050255 0.4216803001401219 0.016705097318074902 0.5437835911551752 0.2431703360917663 
1504.0 -0.7247874617598373 -0.10093414516942611 -0.3722917651587969 -0.22883040997107273 -0.4626427435973095 
468.0 -0.8723356513878309 0.5533045186422978 -0.9801117842452796 0.9556829335607213 0.30875931785764643 
32.0 -0.19237404965012628 -0.210212623318617 0.25581034511225464 0.960735903494486 0.21214240362469505 
1324.0 -0.991355538050255 -0.8920650792833713 -0.762919774159958 -0.6377864927633201 -0.7821212746607384 
2304.0 -0.19237404965012628 -0.17207214232052115 -0.7274853882049848 0.36190674322117733 0.05643784178411981 
88.0 -0.3300012957438927 -0.35195300184609035 -0.9208867704093393 -0.8887764647975014 0.6032416946996293 
80.0 -0.23723527910141406 -0.41302856102350516 -0.33816179693055526 -0.8003553912054593 0.6032416946996293 
4516.0 -0.5229581592274608 -0.14153545808238066 -0.6154415936072763 0.22315113808223086 -0.22560075102397414 
16.0 0.18543228337465156 -0.01249321531188663 -0.3202086016749577 0.3057732038095917 0.13965609822559144 
0.0 -0.5732620124211922 0.5533045186422978 -0.9801117842452796 0.9556829335607213 0.30875931785764643 
8.0 -0.24118300330507503 0.9660334069811172 -0.37429788985189094 0.3057732038095917 -0.5439362264915766 
16.0 -0.07088399660462219 0.09421054909686077 -0.9837962795418382 0.9684920101897792 0.37933039089919984 
924.0 0.016746006617971432 0.09421054909686077 -0.8774776360814249 0.3570893238209407 -0.9303745693300762 
4832.0 -0.5229581592274608 -0.15622721955067553 -0.6698652603077357 0.22315113808223086 -0.07163196375227354 
3136.0 -0.9063839789696391 -0.29964294535376834 -0.9801117842452796 0.9556829335607213 -0.7732902704648483 
1160.0 -0.9907373083289737 -0.7970108294894889 -0.7270581247493293 -0.6634838913701604 -0.17826514624733036 
2984.0 -0.5732620124211922 -0.10186921395796733 -0.5381350796789954 -0.0023675646797474137 0.2135609877611302 
380.0 -0.44256824131806694 -0.2679972200973242 -0.038537894099216485 -0.11610960829436978 0.4461405488173351 
3248.0 -0.8956732528233073 -0.2346327401024142 -0.9208867704093393 -0.25874855377273964 0.761555012710881 
2108.0 -0.9446050737870224 -0.2346327401024142 -0.6698652603077357 0.8109383792942761 -0.7819648163344 
1292.0 -0.8025060029041351 -0.6836844058843299 -0.6501807089451965 -0.4351605237960836 -0.038327557184860694 
4548.0 -0.3300012957438927 -0.35195300184609035 -0.6501807089451965 0.05647959542327152 -0.03503560628527769 
320.0 -0.304590643342711 0.47543924739530463 -0.6154415936072763 -0.034104385020654826 -0.7821212746607384 
3472.0 -0.967933405743892 -0.10186921395796733 -0.9801117842452796 -0.03180194306205175 0.2686108966107261 
3336.0 -0.09344375600030119 -0.10328602654185826 -0.3020808030212312 0.3057732038095917 0.07751191810268598 
1100.0 -0.9542251869127778 0.39118250830151213 -0.9208867704093393 -0.27419453047145814 -0.038327557184860694 
3096.0 -0.8890018511991016 -0.6060673931199647 -0.6501807089451965 -0.27419453047145814 -0.038327557184860694 
992.0 -0.9699078730187582 -0.3505143345955106 -0.3020808030212312 0.38606555921890084 0.07751191810268598 
1092.0 0.016746006617971432 0.19886561130564062 -0.8774776360814249 0.8071802413688278 -0.6132805348796215 
976.0 -0.8373033464610988 0.194573073180619 -0.5496224332771298 0.7598456474778084 -0.2862352360350533 
0.0 0.18543228337465156 0.8264093455821222 -0.9801117842452796 0.9556829335607213 0.13965609822559144 
2128.0 -0.19237404965012628 -0.210212623318617 -0.5441540190804748 -0.23162219211962576 -0.5662190193083894 
1980.0 -0.9951492511299909 -0.3481417807532321 -0.5938069204585876 0.09274525558431845 0.6245097762882692 
80.0 -0.9951492511299909 0.47543924739530463 -0.762919774159958 -0.6377864927633201 0.26017403326238253 
556.0 -0.1677610750734131 -0.17207214232052115 -0.812524609847026 -0.03180194306205175 0.2686108966107261 
2292.0 -0.8890018511991016 -0.26788014825030304 -0.6161053836895387 -0.4047222478008585 -0.8821660913320204 
0.0 0.9356190240416256 0.08587136325591471 -0.6154415936072763 0.40576932471638294 -0.3945414914878247 
3728.0 -0.9907373083289737 -0.3868911866245113 -0.922010841865532 0.977876076732966 -0.17446456422018053 
1216.0 -0.5532661538285837 -0.15622721955067553 -0.7309375578491646 -0.9279895983575308 -0.8202627118071322 
1504.0 -0.21463183961229282 -0.210212623318617 -0.5441540190804748 0.36190674322117733 0.2686108966107261 
2484.0 -0.19237404965012628 -0.210212623318617 -0.5441540190804748 0.6936556476808216 0.25739078901158785 
2896.0 -0.6967798263111216 0.03216137206980951 -0.49272798723652134 -0.06502851304690371 -0.22648540072181556 
796.0 -0.4016275432373444 -0.3054653785596366 -0.12635021834994675 0.7315548060388903 0.3413476210650399 
1132.0 -0.19237404965012628 -0.44869332916506455 -0.2141378892295116 0.7880143681410581 -0.5088741824856275 
1376.0 -0.9907373083289737 -0.9208812743020696 -0.9760087811005067 0.9556829335607213 -0.7732902704648483 
2984.0 -0.8956732528233073 -0.2346327401024142 -0.7309375578491646 0.8109383792942761 0.879681057143465 
2216.0 -0.21261806057756205 -0.1971728889599258 -0.3020808030212312 0.3057732038095917 0.07751191810268598 
1440.0 -0.304590643342711 0.08587136325591471 -0.997104977751492 0.40576932471638294 -0.22560075102397414 
688.0 -0.8775470058000223 -0.005324597252710728 -0.12635021834994675 -0.11582655348707283 0.9606538067312 
2532.0 -0.9542251869127778 -0.7970108294894889 -0.9453817298302116 -0.25874855377273964 -0.2100267281433017 
1960.0 -0.967933405743892 -0.17207214232052115 -0.6501807089451965 -0.988104581365084 -0.038327557184860694 
1588.0 -0.8890018511991016 -0.7550283748775397 -0.7270581247493293 -0.6634838913701604 0.17234254038653196 
0.0 -0.8775470058000223 -0.005324597252710728 0.9562051694942908 0.8719105868066066 -0.007635800910088308 
500.0 -0.967933405743892 -0.8920650792833713 -0.01839145574403722 0.732617605983003 0.2686108966107261 
2312.0 -0.9446050737870224 -0.17207214232052115 -0.6698652603077357 -0.9279895983575308 -0.5529998427598446 
3748.0 -0.9020877208424634 -0.2356947569269623 -0.744261883800448 -0.3160788125925107 0.5200498137234113 
1592.0 -0.9967783105260337 0.03216137206980951 -0.22221705828140204 0.18274475850929628 -0.22648540072181556 
1392.0 -0.8260952793840155 -0.4579647175911712 -0.37429788985189094 0.3570893238209407 -0.03503560628527769 
2180.0 -0.991355538050255 -0.6138780619217183 -0.922010841865532 0.27101816981475135 -0.7157943912209164 
48.0 -0.9967783105260337 -0.10186921395796733 0.5163106779209381 0.9556829335607213 -0.7732902704648483 
240.0 -0.6231183238801072 0.2676792507413255 0.03499279204005301 0.9684920101897792 -0.5179208308639691 
544.0 -0.7901581711059429 0.15601215234746757 -0.9208867704093393 0.5998999842357378 0.6032416946996293 
1376.0 -0.9446050737870224 -0.6138780619217183 -0.6658183577618233 -0.3160788125925107 -0.5301292095925649 
0.0 -0.15449309775748832 0.08587136325591471 -0.7431899266077289 0.40576932471638294 0.5929016965811928 
0.0 0.43396934575930635 0.13458616405221036 0.776226733201169 0.977876076732966 -0.2100267281433017 
428.0 0.19397992717484547 -0.17207214232052115 -0.7274853882049848 -0.03180194306205175 -0.5577835933707935 
2104.0 -0.7918052816242533 0.03978025593260992 -0.7472034337825015 -0.12823150306518905 -0.21165718433996883 
16.0 0.5668695283233818 -0.41302856102350516 -0.7591923040369222 0.801267925878592 0.5920208962585027 
1252.0 -0.746610885230071 -0.16898212144286595 -0.5381350796789954 0.559373675637711 0.8779892407778542 
3084.0 -0.5229581592274608 -0.2365787040089451 -0.5406561231872677 0.22315113808223086 -0.9471315777269347 
0.0 -0.44256824131806694 0.8301775564784688 -0.8248401626001454 0.2767951297402673 -0.03503560628527769 
368.0 -0.6845443190043443 -0.3481417807532321 0.0008324339441923012 0.9118465345985602 0.46153742314402857 
0.0 -0.6231183238801072 0.848521275667218 -0.8343357681669819 -0.3160788125925107 0.22847817447481145 
0.0 -0.304590643342711 0.19886561130564062 -0.6154415936072763 -0.034104385020654826 0.732297527480791 
1948.0 0.016746006617971432 -0.6102767702182041 -0.922010841865532 0.6936556476808216 -0.17446456422018053 
3540.0 -0.15449309775748832 0.08587136325591471 -0.44523339047807897 0.960735903494486 -0.3945414914878247 
1044.0 -0.2839569115132823 -0.20962760082486565 -0.18358994431014541 -0.17082751850083455 -0.2862352360350533 
36.0 -0.8890018511991016 0.971649188916146 -0.6161053836895387 -0.1646662177187872 -0.2624103224663583 
812.0 -0.7852613244020383 -0.6309912792493328 -0.6161053836895387 -0.1646662177187872 0.17234254038653196 
704.0 -0.9542251869127778 -0.41302856102350516 -0.2194523325050184 -0.25874855377273964 -0.35488105572450146 
0.0 -0.44256824131806694 0.8831565404764752 -0.607063788648154 0.07188178939660994 0.5832347542705785 
1020.0 -0.6657006917344219 -0.6138780619217183 -0.9208867704093393 -0.25874855377273964 0.6032416946996293 
2648.0 -0.7901581711059429 -0.6747398021818265 -0.8428676629129603 0.9572135396686303 0.30875931785764643 
2960.0 -0.5229581592274608 -0.35195300184609035 -0.6501807089451965 0.10650507286946942 -0.9471315777269347 
144.0 -0.2599185167609026 -0.61497853270932 -0.1819957701558772 -0.5456337871187362 -0.4626427435973095 
3632.0 -0.8748419783763632 -0.10186921395796733 -0.9801117842452796 -0.2769205814917066 -0.7965698822912437 
456.0 -0.9990072344127372 -0.6335725916343393 -0.5210588957710689 -0.9487048276123926 -0.07326732656499835 
8.0 0.5950888850568707 -0.523814058918544 -0.37429788985189094 -0.542886389188076 -0.03503560628527769 
472.0 -0.37624542233382163 -0.4557675099067866 -0.6094122867725222 -0.7926704003846903 -0.1668077828292296 
1056.0 -0.9951492511299909 -0.3484956409424338 -0.44523339047807897 0.960735903494486 -0.9209341104047744 
2332.0 -0.5377630894882055 -0.35195300184609035 -0.7549827605099386 -0.6470762726427661 -0.038327557184860694 
1224.0 -0.9446050737870224 -0.35195300184609035 -0.6501807089451965 -0.9279895983575308 -0.6689515206963852 
764.0 0.4276526299217467 -0.10186921395796733 -0.9801117842452796 0.9684920101897792 -0.5179208308639691 
0.0 -0.8060704074201435 -0.15291120602693375 0.9479192333167583 -0.6377864927633201 -0.17826514624733036 
0.0 -0.5947071552670791 0.8730855152976837 -0.8428676629129603 -0.7599884895280054 0.30875931785764643 
24.0 -0.923858145485718 0.8661171741858784 -0.847908952702606 0.38606555921890084 0.07751191810268598 
1700.0 -0.6424067703890277 -0.08218060839425023 -0.4908361658310214 -0.11582655348707283 -0.6435571117705683 
188.0 0.4555751966845676 0.47543924739530463 -0.9760087811005067 0.977876076732966 -0.7821212746607384 
2276.0 -0.8260952793840155 0.09421054909686077 -0.6084562814182295 -0.8406792709414854 -0.08054657649618191 
904.0 -0.5331511736385564 -0.41302856102350516 -0.37429788985189094 0.2767951297402673 0.6032416946996293 
1564.0 -0.7017048113134492 -0.4244723815952063 -0.4908361658310214 0.07993518367828134 0.1913642830663438 
0.0 0.09195028783936587 0.5308866585115022 -0.32472794558524476 -0.9487048276123926 0.05253652820251764 
5212.0 -0.15116296200017532 -0.10328602654185826 -0.8248401626001454 -0.11582655348707283 -0.5439362264915766 
0.0 -0.3010483533179624 -0.10186921395796733 0.41135268685988136 -0.0499683021891244 -0.7732902704648483 
2676.0 -0.8060704074201435 -0.15291120602693375 -0.762919774159958 -0.6377864927633201 -0.8106585869408458 
104.0 -0.04196541461584302 -0.41302856102350516 -0.8050621614470646 -0.25874855377273964 0.6032416946996293 
8.0 -0.6231183238801072 -0.6102767702182041 0.7889628371927597 0.6936556476808216 0.22847817447481145 
0.0 -0.15449309775748832 -0.15291120602693375 -0.7270581247493293 0.40576932471638294 0.7894252096178078 
120.0 -0.8956732528233073 0.8831565404764752 -0.4358609735508703 0.8692768230080983 0.37979105939782354 
52.0 0.07366904321186074 -0.08218060839425023 -0.8248401626001454 -0.034104385020654826 0.5832347542705785 
3576.0 -0.39553560009550726 -0.35952844373653625 -0.7549827605099386 -0.034032622546709135 0.32515770582315273 
536.0 -0.9542251869127778 -0.61497853270932 -0.03451676846194007 0.8698461337074934 0.6032416946996293 
1472.0 -0.9542251869127778 -0.3484956409424338 -0.44523339047807897 -0.25874855377273964 0.6032416946996293 
1868.0 -0.8775470058000223 0.18688610580043985 -0.9449968173743168 0.17382518473987063 -0.8202627118071322 
8.0 -0.15116296200017532 -0.10328602654185826 0.3616638667799781 -0.22883040997107273 -0.6730500298638884 
276.0 -0.6122174478512745 -0.6243181290165523 -0.07820084591348819 -0.5959909710466764 -0.038327557184860694 
1220.0 -0.9046850897840841 0.6578472291108857 -0.6904159961237388 0.9118465345985602 -0.9209341104047744 
1812.0 -0.991355538050255 0.6578472291108857 -0.922010841865532 0.28592945631055233 -0.3534800910137115 
92.0 -0.8373033464610988 0.3490445968089595 -0.9541127923421755 -0.5456337871187362 0.21000513522193698 
0.0 -0.44256824131806694 -0.23993059142282602 0.37449149763844414 -0.11582655348707283 0.07751191810268598 
0.0 -0.39098945680360075 -0.9062480395256627 0.874667043311645 -0.5784898781180943 0.1913642830663438 
4664.0 -0.19237404965012628 -0.034202228719284244 -0.5441540190804748 0.36190674322117733 -0.8821660913320204 
2720.0 -0.9446050737870224 0.18688610580043985 -0.6698652603077357 -0.7612726018777027 -0.5301292095925649 
2296.0 -0.9907373083289737 -0.7970108294894889 -0.9760087811005067 0.7537432074667543 -0.7732902704648483 
64.0 -0.09725513206727787 -0.2779962310547113 0.10798366041064278 0.5416483933586902 0.05652806545914468 
2152.0 -0.8373033464610988 -0.6102767702182041 -0.8774776360814249 -0.17082751850083455 0.17899766720510413 
8.0 -0.09348625333982685 -0.39178131570242636 -0.2757181139639713 -0.5520174312637731 0.5772094101020349 
6576.0 -0.19237404965012628 -0.10186921395796733 -0.9801117842452796 0.36190674322117733 -0.890078909190839 
1028.0 -0.9951492511299909 0.40331707553920815 -0.9892966366692719 0.6272559031336491 0.6245097762882692 
3852.0 -0.1511671923898199 -0.03825837308840119 -0.744261883800448 -0.03997956030589789 -0.7157943912209164 
724.0 -0.9446050737870224 -0.8920650792833713 -0.6698652603077357 -0.2515926069911181 -0.17446456422018053 
3772.0 -0.39098945680360075 -0.4244723815952063 -0.8050621614470646 0.2767951297402673 -0.03503560628527769 
100.0 -0.2521878759628773 -0.7198221249655321 -0.3020808030212312 0.7734725041037411 0.8903687243217437 
2568.0 -0.15449309775748832 0.18688610580043985 -0.7309375578491646 0.7721191481642662 -0.3945414914878247 
5052.0 -0.9020877208424634 -0.09912535136063405 -0.9801117842452796 0.07993518367828134 -0.7732902704648483 
1896.0 -0.967933405743892 -0.26788014825030304 -0.49272798723652134 -0.12641908343151576 0.2686108966107261 
44.0 -0.44256824131806694 0.19886561130564062 -0.8248401626001454 0.7145639958401924 0.5832347542705785 
2452.0 -0.8890018511991016 0.12306389443489252 -0.9208867704093393 -0.1646662177187872 0.17234254038653196 
0.0 0.13451162159492958 -0.7828552388715366 0.5156878254396209 -0.4003763801215505 -0.9165089353492246 
548.0 -0.7901581711059429 0.9336356754715969 -0.8428676629129603 0.5998999842357378 -0.17446456422018053 
952.0 -0.9907373083289737 -0.7970108294894889 -0.7309375578491646 -0.5591930854776288 -0.8202627118071322 
420.0 -0.304590643342711 -0.5966770379688933 -0.6154415936072763 -0.034104385020654826 0.21214240362469505 
0.0 -0.75107618737312 0.19886561130564062 0.9561165992347977 0.7145639958401924 -0.8821660913320204 
2144.0 -0.3333625844059369 -0.8920650792833713 -0.922010841865532 0.732617605983003 -0.038327557184860694 
0.0 -0.15449309775748832 0.3800096364571246 -0.6424565673087796 0.3570893238209407 0.37933039089919984 
1312.0 -0.7901581711059429 0.6578472291108857 -0.8428676629129603 0.5998999842357378 -0.3534800910137115 
1188.0 -0.9951492511299909 -0.3481417807532321 -0.3202086016749577 0.3057732038095917 -0.9209341104047744 
380.0 -0.2599185167609026 0.05422440590383304 -0.16631506974515697 0.17382518473987063 0.3413476210650399 
8.0 -0.8748419783763632 0.6247291485746169 -0.22221705828140204 -0.8121243635165158 -0.22648540072181556 
76.0 -0.5541448605201897 0.6578472291108857 -0.8818389356315239 -0.3160788125925107 -0.7157943912209164 
708.0 -0.967933405743892 0.8831565404764752 -0.607063788648154 -0.03180194306205175 -0.8592310563117296 
0.0 -0.8956732528233073 -0.2346327401024142 0.5840925179070764 -0.1646662177187872 0.17234254038653196 
412.0 -0.4438254497647589 -0.14098415617463633 -0.3881912451159757 -0.7926704003846903 -0.9019105043318545 
500.0 -0.15449309775748832 0.3490445968089595 -0.18358994431014541 0.40576932471638294 -0.3945414914878247 
1880.0 -0.8373033464610988 0.3490445968089595 -0.9801117842452796 0.9556829335607213 -0.2862352360350533 
24.0 -0.8775470058000223 -0.5238387642772286 0.3804405082911859 0.17382518473987063 -0.9973797390383152 
0.0 -0.37624542233382163 -0.14098415617463633 0.9763007442548726 -0.582656610091171 -0.518317700389137 
1200.0 -0.9967783105260337 -0.7406138379076468 -0.5381350796789954 0.7086528926096185 -0.9745621832850586 
1044.0 -0.29125733394970865 -0.6836844058843299 -0.5938069204585876 -0.361495899785371 -0.9973797390383152 
1708.0 -0.967933405743892 -0.17207214232052115 -0.4358609735508703 0.8109383792942761 0.2686108966107261 
3500.0 -0.44256824131806694 -0.4244723815952063 -0.8248401626001454 0.2039608689496808 -0.7292580201691581 
252.0 -0.6755018101891632 -0.9532554971001423 -0.208825410124291 0.2039608689496808 0.8165664994046393 
2724.0 -0.6195687249659521 -0.2356947569269623 -0.607063788648154 0.07993518367828134 -0.2624103224663583 
0.0 -0.6011787083290716 -0.5257593735283765 0.6919706007143314 -0.3499542270886895 -0.6316734075222112 
8.0 0.514313703607574 -0.10186921395796733 -0.038537894099216485 0.9556829335607213 0.4461405488173351 
2508.0 -0.8775470058000223 -0.005324597252710728 -0.4358609735508703 0.17382518473987063 -0.037805074316036746 
0.0 0.2991126296479292 0.19694959311320237 0.20497300693479414 -0.3138044978046419 -0.22560075102397414 
1684.0 -0.8748419783763632 0.19886561130564062 -0.7760131035288971 0.7145639958401924 -0.6132805348796215 
8.0 0.5459223388352719 -0.41302856102350516 -0.9208867704093393 -0.12823150306518905 0.563771623327662 
812.0 0.016746006617971432 -0.5238387642772286 -0.6530961127118522 0.8506962729373082 -0.20742727080736767 
1040.0 -0.9967783105260337 -0.29964294535376834 -0.29061610346736977 -0.29930993428501496 0.19489179056488815 
0.0 0.34006525654402764 0.6254526154890343 0.855435903873589 0.9018257996390475 -0.010741003357327417 
0.0 0.37267602746626083 0.6578472291108857 -0.8050621614470646 -0.23162219211962576 0.1913642830663438 
1944.0 -0.39098945680360075 -0.4244723815952063 -0.847908952702606 0.22784235857718738 0.4019102406033461 
16.0 0.29961934424403913 0.03216137206980951 0.024867914841274263 0.9759372455499093 -0.4544662718985033 
1588.0 -0.9744447912303169 -0.5402641973176414 -0.7274853882049848 -0.03180194306205175 0.9697406521472882 
1332.0 -0.9907373083289737 -0.7970108294894889 -0.7309375578491646 0.7721191481642662 0.8710056271638711 
0.0 -0.5282774873855016 -0.14153545808238066 0.8828098526458736 -0.034104385020654826 -0.007635800910088308 
16.0 -0.24118300330507503 -0.8612097719158422 0.1489271242303567 0.259164627726169 -0.03503560628527769 
4300.0 -0.7901581711059429 -0.35195300184609035 -0.8428676629129603 -0.27419453047145814 0.41909405143150313 
1624.0 -0.9046850897840841 0.37971139126710374 -0.762919774159958 -0.23162219211962576 -0.7821212746607384 
1416.0 -0.6657006917344219 -0.3484956409424338 -0.44523339047807897 -0.3160788125925107 0.8126031817322401 
2800.0 -0.9063839789696391 -0.15291120602693375 -0.5381350796789954 -0.6634838913701604 -0.17826514624733036 
4216.0 0.016746006617971432 -0.210212623318617 -0.8774776360814249 0.6936556476808216 -0.5800376599071693 
7776.0 -0.19237404965012628 -0.20962760082486565 -0.5441540190804748 0.5437835911551752 -0.17084025766209399 
3536.0 -0.39553560009550726 -0.2356947569269623 -0.4908361658310214 0.259164627726169 -0.6435571117705683 
2296.0 -0.678168092911313 -0.07136314802893584 -0.12635021834994675 0.17382518473987063 0.3413476210650399 
16.0 -0.19237404965012628 -0.7125508191460586 0.2244884980847459 0.36190674322117733 -0.9471315777269347 
192.0 -0.19237404965012628 -0.4882194674190621 -0.5441540190804748 0.36190674322117733 0.5446632647428189 
3160.0 -0.8373033464610988 0.3490445968089595 -0.8975577779180286 0.7375996755087266 -0.12764550921705697 
156.0 0.2991126296479292 -0.14153545808238066 -0.5998482877280253 -0.034104385020654826 -0.6029769837074987 
92.0 -0.8890018511991016 0.6578472291108857 -0.6161053836895387 -0.23162219211962576 0.17234254038653196 
48.0 0.38201648960116485 -0.6838284773233252 -0.44523339047807897 0.960735903494486 0.21214240362469505 
56.0 0.3484385174978044 -0.2346327401024142 -0.4358609735508703 -0.27419453047145814 -0.038327557184860694 
1284.0 -0.31819242322925145 0.03216137206980951 -0.22221705828140204 0.7721191481642662 -0.8202627118071322 
56.0 0.3458532952200559 -0.5238387642772286 -0.6501807089451965 -0.27419453047145814 -0.9973797390383152 
116.0 -0.6103628219897204 -0.10328602654185826 -0.3202086016749577 -0.8180746062550348 0.6242112826368915 
3288.0 -0.9063839789696391 -0.29964294535376834 -0.8340245797135479 -0.0023675646797474137 -0.2100267281433017 
1756.0 -0.7471586850497316 0.47543924739530463 -0.762919774159958 -0.6377864927633201 -0.9471315777269347 
332.0 -0.26340954179781684 -0.3484956409424338 -0.6501807089451965 -0.27419453047145814 0.21214240362469505 
1556.0 -0.75107618737312 -0.26788014825030304 -0.37429788985189094 0.2767951297402673 0.8878423693982138 
2816.0 -0.8060704074201435 -0.17207214232052115 -0.7270581247493293 -0.03180194306205175 -0.17826514624733036 
324.0 0.911529449542821 -0.3481417807532321 -0.9892966366692719 0.9118465345985602 -0.8414280831744327 
8316.0 -0.3300012957438927 -0.210212623318617 -0.5441540190804748 0.36190674322117733 -0.038327557184860694 
2168.0 -0.3300012957438927 -0.35195300184609035 -0.6501807089451965 0.833713932638821 0.2686108966107261 
5268.0 -0.5732620124211922 -0.10186921395796733 -0.9801117842452796 -0.22883040997107273 -0.6730500298638884 
1024.0 -0.6011787083290716 -0.7107176253320435 -0.8625967390051126 -0.8586418817004706 -0.1668077828292296 
976.0 -0.5282774873855016 -0.44869332916506455 -0.2194523325050184 0.9684920101897792 -0.5179208308639691 
1996.0 -0.967933405743892 -0.08218060839425023 -0.7274853882049848 -0.8330199310465818 0.5832347542705785 
256.0 -0.6780248950840604 -0.35952844373653625 0.012727542462228403 0.4742652892081116 -0.0018077427712146488 
3248.0 -0.8748419783763632 -0.6836844058843299 -0.7760131035288971 0.6272559031336491 -0.3487555302771401 
140.0 -0.38467973543974776 -0.523814058918544 -0.634965094796667 -0.2769205814917066 0.974041859150051 
1800.0 -0.8956732528233073 -0.15622721955067553 -0.4358609735508703 -0.642960305883217 -0.5301292095925649 
2140.0 -0.16956694921462123 -0.5751393345095397 -0.7856322093600039 0.5444127875136147 -0.5179208308639691 
2196.0 -0.19435568167901152 0.34881413684424944 -0.9547479368493099 0.8931019420670188 -0.9209341104047744 
40.0 0.13451162159492958 -0.7828552388715366 -0.762919774159958 -0.6377864927633201 -0.2565843994303487 
0.0 -0.9846342558243353 0.6254526154890343 -0.634965094796667 -0.6118344618435929 0.8684359517351412 
3740.0 -0.6657006917344219 0.03978025593260992 -0.7659322762729603 -0.3160788125925107 -0.2863433074330921 
392.0 -0.15116296200017532 -0.10328602654185826 -0.3202086016749577 -0.4561209273169331 -0.6132805348796215 
2172.0 -0.9046850897840841 0.18688610580043985 -0.8818389356315239 -0.23162219211962576 -0.850662224336824 
1572.0 -0.7745852921118743 -0.7125508191460586 -0.7472034337825015 0.8692768230080983 -0.9471315777269347 
40.0 0.7889356766972375 -0.14153545808238066 -0.5210588957710689 -0.034104385020654826 -0.22560075102397414 
1136.0 -0.856754574946146 -0.35195300184609035 -0.050292652253069114 -0.27419453047145814 -0.038327557184860694 
144.0 -0.9951492511299909 -0.6836844058843299 0.2553524813922068 0.9118465345985602 0.6245097762882692 
3200.0 -0.6957290499595064 -0.14153545808238066 -0.6154415936072763 -0.11610960829436978 0.4461405488173351 
1096.0 -0.9846342558243353 0.6254526154890343 -0.9801117842452796 0.9572135396686303 -0.7732902704648483 
8.0 0.9996021446650925 -0.6102767702182041 -0.8774776360814249 -0.11582655348707283 -0.20742727080736767 
4088.0 -0.9951492511299909 -0.8920650792833713 -0.9892966366692719 0.732617605983003 -0.17446456422018053 
1432.0 -0.991355538050255 -0.7125508191460586 -0.7472034337825015 0.732617605983003 0.6853514798184868 
3140.0 -0.75107618737312 -0.22617803866517994 -0.6154415936072763 -0.21162290243653192 -0.8821660913320204 
28.0 0.6670613462338328 0.03978025593260992 -0.7659322762729603 -0.12823150306518905 -0.059683367329842474 
676.0 -0.8775470058000223 0.22558956595346014 -0.12635021834994675 0.259164627726169 0.32515770582315273 
624.0 -0.8956732528233073 0.691393190704094 -0.4358609735508703 0.8109383792942761 -0.17826514624733036 
2004.0 -0.23723527910141406 -0.2356947569269623 -0.33816179693055526 0.07993518367828134 -0.6132805348796215 
80.0 -0.9951492511299909 0.7808849220079728 -0.3020808030212312 0.9118465345985602 0.07751191810268598 
3148.0 -0.11664134008875604 -0.26788014825030304 -0.7472034337825015 0.22315113808223086 -0.8821660913320204 
7480.0 -0.44256824131806694 -0.08218060839425023 -0.8248401626001454 -0.1646662177187872 -0.24472226380215334 
1412.0 -0.5611175121159291 0.41842368898072513 -0.536805347415523 -0.5877498319353667 -0.9382186081407307 
8.0 -0.6967798263111216 0.6824203707605991 -0.22221705828140204 -0.9279895983575308 -0.5301292095925649 
7684.0 -0.304590643342711 -0.14153545808238066 -0.996593513562984 -0.23162219211962576 -0.22560075102397414 
3164.0 -0.75107618737312 -0.15622721955067553 -0.6698652603077357 -0.3023152388599828 -0.8821660913320204 
2880.0 -0.7009258067340027 -0.14098415617463633 -0.6263599151976775 -0.7926704003846903 -0.498430994065139 
116.0 -0.37252188854364787 -0.9237380546351353 -0.8975577779180286 0.7721191481642662 0.7645065480218047 
296.0 -0.19237404965012628 0.5274827278410446 -0.3202086016749577 0.36190674322117733 -0.5439362264915766 
1232.0 -0.9990072344127372 -0.6335725916343393 -0.32472794558524476 0.9301638785233717 0.05253652820251764 
464.0 -0.5229581592274608 -0.7125508191460586 -0.7472034337825015 -0.5959909710466764 0.5929016965811928 
320.0 -0.3010483533179624 0.48076034992172434 -0.5519146117773783 -0.0499683021891244 -0.887264763244421 
2160.0 -0.8260952793840155 0.09421054909686077 -0.9837962795418382 0.9302719691425037 -0.12764550921705697 
784.0 -0.7901581711059429 0.5533045186422978 -0.2194523325050184 0.9684920101897792 -0.5179208308639691 
256.0 -0.44256824131806694 -0.8048190227867176 -0.8248401626001454 -0.25874855377273964 0.6032416946996293 
900.0 -0.31819242322925145 0.47543924739530463 -0.762919774159958 0.7721191481642662 -0.5008604822548677 
1720.0 -0.9542251869127778 -0.41302856102350516 -0.6891378151143095 0.259164627726169 0.32515770582315273 
2108.0 -0.8060704074201435 0.09421054909686077 -0.7270581247493293 -0.6634838913701604 -0.26050170220981816 
3224.0 -0.9907373083289737 -0.2356947569269623 -0.7858535501546517 0.07993518367828134 -0.2100267281433017 
6572.0 -0.15449309775748832 -0.14153545808238066 -0.6424565673087796 -0.034104385020654826 -0.5622517520586443 
2808.0 -0.8260952793840155 0.09421054909686077 -0.9837962795418382 -0.2726165361683386 -0.3945414914878247 
208.0 -0.6185164858118228 -0.9649696677563293 -0.6792684557619857 0.7999249219191387 0.9094396012410171 
3048.0 -0.5732620124211922 -0.10186921395796733 -0.9801117842452796 0.5998999842357378 0.30875931785764643 
76.0 -0.9744447912303169 0.8852408758218133 -0.12709187342360795 0.8692768230080983 -0.2624103224663583 
8.0 0.537372124032373 0.47543924739530463 -0.7879729205143948 0.00997298675128544 -0.7821212746607384 
0.0 -0.9020877208424634 0.8307575588834308 -0.4908361658310214 0.07993518367828134 0.9197271585268838 
612.0 -0.24118300330507503 -0.7069665321161622 -0.4331093967720938 0.05841173864897442 -0.887264763244421 
2288.0 -0.31819242322925145 -0.210212623318617 -0.42908227611580574 0.7721191481642662 -0.5088741824856275 
728.0 -0.29125733394970865 0.4715253158772532 -0.2194523325050184 0.9684920101897792 -0.9973797390383152 
1716.0 -0.5732620124211922 -0.10186921395796733 -0.49272798723652134 0.9556829335607213 0.6007369216416583 
60.0 -0.39098945680360075 0.6764539467828072 -0.8050621614470646 -0.2769205814917066 -0.7386647358010918 
616.0 -0.5412518911384849 -0.5238387642772286 -0.2194523325050184 0.24359039819510842 -0.9973797390383152 
40.0 -0.8260952793840155 -0.6995941671970698 0.3257802279279942 0.10959057055634713 -0.90479148901517 
24.0 -0.29125733394970865 -0.6138780619217183 -0.03319234695004214 -0.361495899785371 -0.7157943912209164 
1000.0 -0.39098945680360075 -0.4244723815952063 -0.49272798723652134 -0.5148669894126685 -0.8821660913320204 
1836.0 -0.9542251869127778 -0.14769073062699967 -0.4422975179505908 -0.25874855377273964 -0.6316734075222112 
8.0 -0.16956694921462123 0.40256814723922885 -0.6034022400424595 0.5444127875136147 0.26692894965377056 
1624.0 -0.9542251869127778 -0.41302856102350516 -0.4469795195141584 -0.25874855377273964 0.9381342932288652 
232.0 -0.7247874617598373 -0.2779962310547113 0.053058803414704814 0.9022361537833632 0.21504894629676152 
96.0 -0.9046850897840841 0.9818164821793731 -0.5381350796789954 -0.0023675646797474137 -0.3534800910137115 
948.0 -0.4620973940737818 -0.6838284773233252 -0.4422975179505908 -0.22643774773814562 -0.7386647358010918 
0.0 0.5666096800216369 0.09421054909686077 -0.32472794558524476 0.3570893238209407 0.6140837562863795 
1716.0 -0.9542251869127778 -0.08218060839425023 -0.8248401626001454 -0.11582655348707283 0.6032416946996293 
3768.0 -0.5732620124211922 -0.6995941671970698 -0.9801117842452796 0.10959057055634713 -0.7732902704648483 
48.0 0.34006525654402764 -0.14153545808238066 -0.3657898823200927 -0.034104385020654826 -0.6272140286407926 
2728.0 -0.5526908124688217 -0.41302856102350516 -0.8428676629129603 0.5998999842357378 0.30875931785764643 
80.0 -0.9046850897840841 0.6578472291108857 -0.8818389356315239 0.9456292442553704 0.1913642830663438 
36.0 -0.1511671923898199 -0.22365595822487472 -0.7856322093600039 -0.779074785395109 0.6346397158892985 
0.0 -0.6967798263111216 0.821703905373091 -0.40624775187192763 -0.8121243635165158 0.8224922216697614 
756.0 -0.3570539620871429 -0.08218060839425023 -0.8248401626001454 0.960735903494486 0.5832347542705785 
2856.0 -0.6894010169811942 -0.15622721955067553 -0.6698652603077357 0.15890791851823605 -0.5301292095925649 
940.0 -0.9990072344127372 -0.6335725916343393 -0.32472794558524476 0.7721191481642662 -0.426521561082001 
1832.0 -0.304590643342711 -0.5511263123500052 -0.6154415936072763 0.8692768230080983 -0.2624103224663583 
5176.0 -0.5229581592274608 -0.06361255952081302 -0.7472034337825015 -0.3160788125925107 -0.7157943912209164 
3768.0 -0.9951492511299909 -0.17207214232052115 -0.9892966366692719 0.17182326229331935 0.2686108966107261 
824.0 0.1116572826971225 0.13458616405221036 -0.5441540190804748 0.6852208296707509 -0.5088741824856275 
3256.0 -0.3300012957438927 -0.35195300184609035 -0.607063788648154 0.8692768230080983 -0.2624103224663583 
484.0 -0.6231183238801072 0.2676792507413255 -0.33816179693055526 0.7145639958401924 0.6289289625916525 
1356.0 -0.9063839789696391 -0.29964294535376834 -0.5381350796789954 -0.9279895983575308 -0.5301292095925649 
2000.0 -0.967933405743892 0.6578472291108857 -0.7274853882049848 -0.23162219211962576 -0.3534800910137115 
112.0 -0.7701833109023648 -0.4579647175911712 0.14469353892564274 0.2767951297402673 -0.03503560628527769 
40.0 0.7153097059730003 -0.2356947569269623 -0.4908361658310214 -0.03997956030589789 -0.6435571117705683 
264.0 0.2991126296479292 -0.4579647175911712 -0.5998482877280253 0.2767951297402673 -0.5277270376782417 
2408.0 -0.746610885230071 -0.35195300184609035 -0.6501807089451965 0.559373675637711 0.8301426735829609 
2296.0 -0.9951492511299909 -0.3481417807532321 -0.8343357681669819 0.9118465345985602 0.22847817447481145 
0.0 -0.910517368126557 -0.35195300184609035 0.4005751830832851 -0.27419453047145814 0.05652806545914468 
1860.0 -0.8956732528233073 -0.41302856102350516 -0.4358609735508703 0.8109383792942761 -0.7576000804219492 
1312.0 -0.8397090146415351 0.47543924739530463 -0.6034022400424595 0.9572135396686303 -0.7821212746607384 
0.0 0.2991126296479292 0.19694959311320237 -0.16864065984262533 -0.3160788125925107 -0.7157943912209164 
2156.0 -0.9951492511299909 -0.7125508191460586 -0.9892966366692719 -0.4916720719674956 -0.9471315777269347 
1596.0 -0.9951492511299909 -0.3481417807532321 -0.5441540190804748 0.36190674322117733 0.47387181517396315 
644.0 -0.8025060029041351 -0.6836844058843299 -0.6698652603077357 -0.9279895983575308 0.6245097762882692 
