0.0 -0.8599246960690456 0.44582999683104596 0.6037321659617163 0.9960572178247509 0.8585144828699842 
8.0 0.5249973414812343 0.1305531640759312 -0.5994004887404603 -0.7250921632122236 -0.9053026595895219 
0.0 0.5813861370145945 -0.6109264045426588 -0.05174823473272383 -0.3327632231986566 -0.24282918961045707 
0.0 -0.10077622037581091 0.6513459196334042 -0.2833080510759334 -0.7054114019487159 -0.8721377837701256 
16.0 0.8781306132811397 0.1968347297038926 -0.9244758245411642 -0.5234654963374807 0.6662471764382087 
168.0 -0.3081934436432576 0.016734769389453286 0.037309301272612894 0.7614404224873657 -0.43565476782718804 
20.0 -0.8234254858511065 0.8994637506639154 -0.4267981291733842 -0.1710998452357022 -0.457612056396385 
1028.0 -0.8373033464610988 0.3490445968089595 -0.18358994431014541 -0.17082751850083455 -0.2862352360350533 
52.0 0.1343694421171937 -0.08055828611462656 -0.5289576621626879 0.7718731588242971 0.9986328935024296 
0.0 -0.1087242844171763 0.803233687812273 0.6669642853924724 0.5739739692952361 -0.425077441451043 
8.0 0.18162194488386496 -0.6774243037697334 0.2169565369449924 0.8830902031248691 0.9707398282327662 
0.0 -0.7037535523211891 0.5904966491021366 0.20000170992697242 -0.11517766607896385 -0.914919406628806 
44.0 -0.0733531161300518 0.14480450872147732 -0.9749815874768768 0.37821222885007577 0.07743475877312678 
0.0 0.5352328431000812 0.6156415433162312 -0.6635794950160017 0.9345827361697492 -0.46343577208610043 
24.0 0.39348291275202896 -0.730322680879026 -0.30208834715469246 -0.5410983034069701 -0.6171592656625218 
8.0 0.43213213239200243 -0.9354350108786496 -0.5896341709091149 0.04661251182274051 0.6628325555732479 
892.0 -0.6231183238801072 0.2676792507413255 -0.8343357681669819 -0.22157657982431656 0.22847817447481145 
3928.0 -0.3300012957438927 -0.35195300184609035 -0.6501807089451965 -0.27419453047145814 -0.038327557184860694 
0.0 -0.4153079375065414 0.03679670736832019 0.8610139950640401 -0.7020218477291007 -0.6929028917165996 
20.0 -0.7701833109023648 0.8125119587608396 0.35732924734210614 -0.9929792715954489 0.19747386247766419 
0.0 -0.3880877915126104 0.9545372956005302 0.25623027256430286 -0.7067965281517414 -0.35290464843561953 
0.0 0.2709982408590641 0.33318639027907015 0.8102480241497643 0.8063506981676316 -0.7704275711711337 
16.0 0.30977985871388514 -0.27950830036351704 0.06522015665870717 -0.0773394985558915 -0.7769659202192227 
8.0 -0.7124186301554429 0.7847604556784533 0.07282508490548989 0.8699085098643831 -0.4407340198191698 
8.0 -0.5974055551363568 -0.45130598135404654 0.9216453190043266 -0.6525042043717217 0.9050005249607564 
0.0 0.7115768243225551 0.7377696356865935 0.7106443610834436 -0.032872077344634265 0.5445637985638476 
0.0 -0.39575685805090854 0.958004730534912 -0.5374479165662811 0.26892310879874737 0.1291359035543187 
0.0 0.7776374358711038 0.6851593389536121 -0.1449701239432879 0.8500496657643473 -0.15221974146606776 
0.0 -0.13628490620770672 0.3742605142092805 0.5180408072317266 -0.545284774252303 0.25358180085819404 
0.0 -0.05396302200596459 -0.33828297152000597 0.04082298997838807 -0.022717146184336734 0.2529418356384834 
0.0 0.49790890773133545 -0.11820914889623158 0.00509880269777141 0.47689341232643345 -0.969510062577223 
0.0 -0.19627668688895117 0.46059650391986984 0.25453511310316257 -0.08329438142940315 -0.11371888086272675 
1000.0 -0.4620973940737818 -0.5257593735283765 -0.4422975179505908 0.16752435509683528 -0.6316734075222112 
108.0 -0.4438910423897855 0.3689794397364916 -0.363687416581397 0.9064291454543989 0.3845839577089891 
1620.0 -0.9618462712749987 0.8831565404764752 -0.607063788648154 0.8692768230080983 -0.2624103224663583 
0.0 0.37842403046869455 -0.8121150197152807 -0.09987838287594175 -0.9660999192654347 -0.9609235066480171 
624.0 -0.9967783105260337 -0.7406138379076468 -0.29061610346736977 -0.29930993428501496 -0.9745621832850586 
0.0 0.2679059366199441 0.8529794836030886 -0.6317961624510777 -0.1849124947576961 0.7929382902552864 
76.0 0.5668695283233818 -0.3522018641968707 -0.7591923040369222 -0.17463592450737253 0.5920208962585027 
1172.0 0.016746006617971432 -0.6102767702182041 -0.8774776360814249 0.6936556476808216 -0.20742727080736767 
8.0 -0.4418644439821937 -0.09351138713615326 0.9721522097038344 -0.9237813827309131 0.15208953925626179 
8.0 0.8898570762696225 -0.3139468902850433 0.21271113542322917 0.6018579709940701 0.8020204757406186 
1316.0 -0.6967798263111216 0.03216137206980951 -0.22221705828140204 -0.8121243635165158 -0.22648540072181556 
0.0 0.6595694806963781 -0.0005045700800425656 0.8027606093942425 -0.5357652894253346 -0.4614120201280427 
8.0 -0.32223876095387993 -0.8920931887932668 0.6433663033995838 0.270655165505749 0.3704119170845259 
8.0 0.8557057300989057 -0.6102433170971069 -0.16115385487696177 0.6898712591771774 0.1854122407613168 
776.0 -0.39597788563011993 -0.10093414516942611 -0.14309807820116727 -0.22883040997107273 -0.6730500298638884 
0.0 0.01206502805243348 -0.9586077778980264 0.047111101826001756 -0.19521950390114373 -0.153226687201379 
16.0 -0.9690220649165935 0.20379788313975422 0.5717628654346225 0.5818534846734957 -0.8568770954877145 
8.0 0.03539841257292631 -0.259702035976338 0.4127296848739008 0.9212961053902369 -0.44116670481256737 
0.0 0.9218943478718264 -0.03757346259604688 0.5987216795792953 0.08203511878970415 -0.3393075308796183 
0.0 0.8102040316046908 0.03603404026196744 -0.6662603381727035 -0.010255864468824871 0.7607034621277886 
0.0 0.5584083059569616 0.5348808699255541 0.88534981391313 0.7291506262628693 -0.44436736227532103 
2164.0 -0.9020877208424634 -0.2356947569269623 -0.4908361658310214 0.07993518367828134 -0.6435571117705683 
8.0 0.7166428383211176 -0.35506017120127686 -0.19028090170545653 0.7296437548531871 0.3256292629850708 
0.0 -0.7533469350753044 0.711219609963456 -0.22081294251954353 0.34153174542049203 0.7547021118027959 
240.0 0.2991126296479292 0.19694959311320237 -0.5998482877280253 -0.3138044978046419 -0.3976651140795211 
1012.0 -0.8025060029041351 -0.6836844058843299 -0.5938069204585876 0.6272559031336491 0.6245097762882692 
0.0 -0.033750311069637995 0.42865982031198957 0.169561830874436 0.8961023621034092 -0.06705909401685362 
0.0 0.19056051808685104 0.9390666005172197 0.7037065313634832 -0.2577664187723656 0.8996552221581215 
0.0 0.2461462467611537 0.031398315796361764 0.7428883114023814 -0.5947717572759166 0.8260452189086058 
0.0 0.3999789686501882 0.2993473516573648 0.09364754671200548 0.2526951068632719 -0.6352517573129579 
204.0 -0.2750498067799436 -0.7318214917076025 -0.7723196070973826 0.5355405827210238 0.6445094674623932 
688.0 -0.3010483533179624 -0.7069665321161622 -0.4331093967720938 -0.0499683021891244 -0.887264763244421 
0.0 0.17489899503108086 0.9163446390378376 0.7742168074311728 -0.72960566948022 0.48775299756881174 
0.0 0.04475881926594094 0.2848984610115568 0.8819234060625347 0.9005264771992907 -0.8078096403248027 
40.0 0.29961934424403913 -0.5044546643930843 0.024867914841274263 0.9967338908194323 -0.4544662718985033 
0.0 0.7831121755154271 0.07228653413759756 0.6348209463962806 0.9459552833731646 -0.6144336489723081 
340.0 -0.39553560009550726 -0.8612097719158422 -0.6891378151143095 0.259164627726169 0.32515770582315273 
8.0 -0.2364083105156718 0.6733200676577056 0.9745229523874916 -0.6303690552790395 -0.7713203106779358 
2448.0 -0.31819242322925145 0.18688610580043985 -0.7309375578491646 0.7721191481642662 -0.8202627118071322 
8.0 -0.3857249113470591 0.6876150539900623 -0.6618793114781589 0.19060616335594105 -0.18837905822536283 
8.0 -0.35676767469391946 -0.3197806740903213 0.15511847491109632 -0.3813232463141114 -0.6492150007336892 
0.0 0.511795401449826 0.43491105970594535 0.9541621559623745 -0.35074134030003745 0.9390817434451695 
0.0 0.9958306889294171 0.7101485163043983 -0.11654109676534974 0.7838899941736408 0.26805263874494956 
0.0 0.40435505294743757 0.9734492938482593 -0.9725598643429774 -0.6809665767136379 0.3379642769254001 
8.0 -0.1647768964554035 -0.953228673725736 0.005931711583392119 0.6974498586982381 0.46899517952263126 
16.0 -0.805710271613477 -0.910513821931805 0.41013414035428886 0.6780964985458391 -0.7211126715446727 
0.0 -0.9005159297141883 -0.08716540648801563 0.7269599527670239 0.04906982428539375 -0.6150671347472851 
8.0 0.6784495571602387 0.471861504587731 -0.820623622415533 0.0017016795146895802 -0.10639615815366144 
0.0 -0.03808113114643774 0.8233015560980248 -0.27893960590702016 -0.07727085622777818 -0.775182360676967 
8.0 0.9913855959347484 -0.8365512745978219 0.44962628032460894 0.9513849070759799 -0.34589389221203826 
0.0 0.2005334116983124 -0.3026824719444996 0.8957267870936254 0.43989292592916085 0.9927469219758887 
68.0 0.05592977001213906 -0.09091215592487645 -0.7567520260952036 -0.6349242979285266 -0.28593141542952893 
16.0 -0.4021303269560639 -0.8267769877018347 0.09426062288801695 -0.9233460683027239 -0.932360087240854 
0.0 -0.05890331392887638 0.4907466386637047 -0.7616246397572315 -0.48926657405704876 -0.88283548393097 
8.0 0.00977682269280189 -0.7968190325617048 -0.17090100414356613 -0.6198261443603519 0.18011287042469104 
1224.0 -0.5412518911384849 -0.5751393345095397 -0.2194523325050184 0.9684920101897792 -0.5179208308639691 
16.0 -0.865476416733308 0.24248725722376796 0.12864235270909896 -0.26354673511659854 0.6548416807531705 
0.0 0.6984968291378404 0.6918021302525901 0.7985053573310157 -0.6371499841626607 0.57770033487091 
0.0 -0.019854250473672508 0.5496778098392743 -0.6645094787755499 0.8465570848708919 0.7139804009685977 
288.0 0.34006525654402764 0.048319327835087966 -0.3657898823200927 0.9018257996390475 -0.8768932019925197 
0.0 -0.4022174952127995 -0.858270417080129 0.7136139864111883 -0.14374577766474395 -0.1518417675755528 
0.0 0.9334545347613068 0.9144366505767958 -0.2204100878430928 -0.013036344505126918 -0.5244086368427923 
2376.0 -0.8060704074201435 -0.15291120602693375 -0.7270581247493293 -0.6634838913701604 -0.17826514624733036 
0.0 -0.8454091545931302 -0.32492037585027744 0.5176721888281519 -0.9104220479245957 -0.6548394458974292 
28.0 -0.10259792008200574 -0.8011605775074313 -0.2923610035971711 -0.8467256377373606 -0.5808022992065285 
564.0 -0.9744447912303169 -0.5402641973176414 -0.12709187342360795 -0.582656610091171 -0.518317700389137 
56.0 0.6677077432306961 -0.9738784419844986 -0.9639364792363767 -0.106220525820512 -0.36861664584064635 
384.0 -0.7247874617598373 -0.61497853270932 -0.03451676846194007 0.9022361537833632 -0.4626427435973095 
1336.0 -0.5229581592274608 -0.7125508191460586 -0.7472034337825015 0.22315113808223086 -0.9471315777269347 
0.0 0.9495565063434979 -0.8725993503093918 0.38633975057182934 0.4087835554008976 0.9892271769919239 
40.0 0.6851907354247153 -0.045535305756673194 -0.7388820244133121 -0.17434918313272618 -0.4654525995634182 
84.0 0.3455260930261099 0.12793289195349455 -0.05434085134377731 0.7034927706560126 -0.6393728525757454 
8.0 -0.7921084706401531 -0.5986157426441931 0.4479797003335295 -0.7974416737701637 0.9786375630669515 
24.0 0.28617621600671805 -0.35261991985584396 -0.5628411225150007 -0.6854159974460465 0.43482315182965015 
0.0 -0.5064626780312478 -0.1203015805877734 0.4878436586885757 0.1285133987140754 -0.7487562814818893 
0.0 0.4219024331102419 0.436104368899769 -0.01253600739309424 0.4912244120464264 -0.35919438241928714 
7364.0 -0.304590643342711 -0.14153545808238066 -0.6154415936072763 -0.034104385020654826 -0.22560075102397414 
0.0 -0.5610944048698991 0.5323759914176416 0.35018310491610305 -0.059396581897586564 -0.036154567756068845 
104.0 -0.1511671923898199 -0.4970559173624831 -0.6439543962968008 -0.03997956030589789 0.6346397158892985 
16.0 0.1272308967531759 -0.34390142164697846 0.37631501573328974 0.5145651869076211 0.5706943621388971 
0.0 -0.69342435558987 0.7194580855221304 0.7156737243272826 -0.6427238508608675 -0.865545751485973 
36.0 0.18543228337465156 -0.01249321531188663 -0.9791612989288854 -0.8495484378183329 0.13965609822559144 
256.0 -0.5947071552670791 0.8730855152976837 -0.2565110428887645 0.49783514812777074 -0.059683367329842474 
0.0 0.6892900143908882 -0.1526539041859305 -0.444898796193157 -0.559750969805517 0.7809941453028575 
0.0 0.9068819129521115 -0.26689985566511787 0.41995910608172893 0.5143127583306482 -0.1428468676629162 
0.0 -0.918376181391757 0.8242137199437709 -0.4889147756784895 0.24119955664212478 0.545767307391785 
0.0 -0.01765228062168611 0.11694075619978794 0.5063574619985165 -0.5602968748570136 -0.18036744128307225 
8.0 0.06821208267330503 -0.97517805441469 -0.6099251325796462 -0.9760190504317763 0.7174043667850629 
0.0 -0.22332298025196495 0.05610603364310274 -0.4585000683007159 -0.925320253050224 0.9368526103475963 
0.0 0.06957529270540341 0.5952369108876812 -0.2724214347162741 -0.06466706211759998 -0.06950258138070708 
100.0 -0.9198104616416221 0.5896690905735382 -0.15247027573424754 0.9613415692260141 0.769370565702787 
180.0 -0.786220588584204 0.1514413015822238 -0.770453647409286 -0.3294117622536825 0.9209373599261639 
8.0 -0.23165994013357083 0.4181658032091651 0.050066384220177174 0.9720262446285561 -0.03645699392016288 
476.0 -0.37252188854364787 -0.9237380546351353 -0.8975577779180286 -0.21429300296031606 -0.12764550921705697 
0.0 -0.08078679323154958 0.5068932867733049 0.8073394217539247 -0.8495937688208532 -0.09162970483328658 
172.0 -0.8799338127708716 0.48076034992172434 -0.5519146117773783 0.7195265984095092 0.7727322542441573 
0.0 0.8045069017519755 0.33046095318434565 0.6912855439212879 0.2390711178292786 -0.7356246691698398 
8.0 0.9968452370944305 0.12296030531880242 0.1224341291626434 -0.5798344742779467 0.32969579790372716 
0.0 -0.7071942114874137 0.49001105173016457 0.24281936176180463 0.5431043829203082 0.8988898937914545 
384.0 0.13451162159492958 -0.7828552388715366 -0.2882150952132936 0.5854407292348669 -0.7897429149664295 
32.0 -0.7739382489707731 -0.3923849138670099 0.35342754048998093 0.23225946953503684 0.6936451263132302 
0.0 0.8845318647640725 0.8696171598616806 -0.8739981913675712 0.7532384352713797 -0.3089401252100161 
0.0 -0.9040643184379091 0.8962977483402648 0.9943927164645141 0.817465092115415 0.918232374687513 
788.0 -0.8260952793840155 0.09421054909686077 -0.9837962795418382 0.3570893238209407 0.37933039089919984 
0.0 -0.38685142713256293 -0.8109928664181036 0.33149508464228994 -0.9535833750474114 0.27762043280677884 
56.0 -0.8690615582335639 0.12102651606665926 0.40793138963839715 0.4568773716843759 -0.1368013493276763 
8.0 -0.028106615638103127 -0.5622348100933363 -0.13635989007128013 -0.8438567243853399 -0.9364319921036652 
16.0 -0.09838808945430366 -0.8278432198031067 0.18224000159309428 0.4471676860690217 0.5509878629191545 
0.0 -0.677617102882653 0.017255007949208645 0.6910991716962436 0.2827394092420443 0.8284179909485903 
0.0 -0.05478475988883624 -0.20866606069686133 0.8408609957926518 -0.6137927146274513 0.47323162051209233 
16.0 0.5976537946423781 0.09844009040647772 -0.6985334174048392 -0.3494320299581548 -0.8241996945877363 
192.0 -0.9372493633974801 -0.406715151509627 0.0767061080955449 0.15382117305754828 -0.4987353400362362 
2484.0 -0.9446050737870224 -0.15622721955067553 -0.6698652603077357 -0.9279895983575308 -0.5301292095925649 
764.0 -0.6011787083290716 -0.12960258299522454 -0.8625967390051126 -0.3499542270886895 0.9518508201316409 
0.0 0.04559309532237399 0.7743407227801224 -0.9721140344244512 -0.472128099591534 0.3872164603505446 
1032.0 -0.5282774873855016 -0.44869332916506455 -0.2141378892295116 0.8719105868066066 -0.007635800910088308 
0.0 -0.5919345241988092 0.43753673715572305 -0.3018532478458724 0.3165696147902397 0.8206047781035004 
24.0 0.5196939190810392 -0.8698449627442377 -0.8014784912221096 -0.3793876565530572 0.23805115743362504 
0.0 0.08310134306785999 0.600214629253093 -0.3550769073723439 -0.22081788526853852 -0.30670441948027394 
0.0 0.4421716089876142 0.8265187026836223 0.5087854456983811 0.22352590222492164 0.6129680091506202 
92.0 0.008212623106964356 -0.20252141913964938 -0.5771996301064835 0.10987238476400885 0.3231419638662554 
1124.0 -0.5377630894882055 -0.35952844373653625 -0.7549827605099386 -0.8406792709414854 -0.08054657649618191 
144.0 -0.19435568167901152 -0.8572160392849295 -0.9547479368493099 0.8931019420670188 0.5210009623075738 
0.0 0.8615127020061011 -0.06663569992935581 -0.23246426880930038 -0.7396166219234008 -0.6986374673032971 
0.0 -0.49861713128138807 0.6962485221101296 0.2509754596531244 -0.7797935936315874 -0.04347759747999547 
8.0 0.9002361329083655 -0.39512721271223916 -0.29042768779558314 0.2893624362970082 0.438781747188548 
432.0 -0.9170605344447065 -0.20962760082486565 0.016705097318074902 0.5437835911551752 0.2431703360917663 
4524.0 -0.5732620124211922 -0.10186921395796733 -0.9801117842452796 0.9556829335607213 -0.7732902704648483 
0.0 0.4496415247664989 0.6837403040224161 0.9498035976831007 -0.20383605708989605 -0.8595050701434293 
0.0 0.32961100045300373 0.43959285065663933 -0.3111527166261041 -0.6983322392246412 0.1558426155863164 
0.0 0.11880495674011704 0.3281750476462879 0.0645164529930673 -0.8620918323704916 -0.6477746661266068 
0.0 -0.5322911130068773 -0.4451700440474877 0.665372751510839 -0.3425912986990598 0.2813212438591257 
8.0 -0.44353450223799795 0.6889334203297692 -0.14243240360181963 -0.12809995760588144 0.5852500506270326 
0.0 0.7292618433150335 -0.8852405246485948 -0.1768838666557102 -0.5756703305828821 -0.9063961228365276 
0.0 -0.28880812336186246 0.9007226874817409 -0.2282616352582878 -0.5327851930823468 0.8837825293530284 
8.0 0.391061908065524 0.03685469811704034 -0.5537916862752732 0.8395215251888499 0.9395345672177267 
0.0 0.35012881377022764 0.694136125592101 0.8772320893441863 -0.2999739105871584 -0.5094167862796355 
0.0 -0.3874605765222383 0.8636598736822294 0.5720106950252022 -0.47897539822417357 -0.22313593276453236 
1896.0 -0.8748419783763632 -0.6838284773233252 -0.7760131035288971 -0.2769205814917066 -0.7386647358010918 
0.0 -0.625420045419671 0.40555114948059234 0.40991027334779084 0.4460977968632158 0.13722165518163387 
124.0 0.43396934575930635 0.13458616405221036 -0.7712619367701716 0.6852208296707509 -0.278631654321845 
0.0 0.3251052448216676 0.4626217007363467 -0.09416003901949255 -0.8866249405063766 -0.5403383414358078 
2408.0 -0.967933405743892 -0.17207214232052115 -0.7274853882049848 -0.03180194306205175 0.2686108966107261 
0.0 0.18932956256660516 0.8898226516537218 -0.26723476276920244 -0.2672746410798108 -0.279419402312743 
0.0 0.16464238831542644 0.5636206777090069 0.9840424181123972 0.5693889993567269 0.6890201084820817 
588.0 -0.6122174478512745 -0.6243181290165523 -0.5210588957710689 -0.5959909710466764 0.5929016965811928 
8.0 -0.10999743073074764 -0.47487817145699474 0.41921201054974255 -0.6620449821306786 0.5699884770240717 
2160.0 -0.991355538050255 -0.8920650792833713 -0.922010841865532 0.732617605983003 -0.17446456422018053 
0.0 0.02560298182900489 -0.0603100553828968 0.9376654506369158 -0.9380980852880023 -0.48946267379269326 
0.0 0.9058261900139297 -0.9326923370770122 -0.04436502435552936 0.8622162072293016 0.1722635939699675 
0.0 -0.4327023806839605 0.932973249424691 0.13784939789073825 -0.3380132787136658 0.583778787090756 
308.0 -0.746610885230071 0.22206099218439812 -0.4469795195141584 0.559373675637711 0.8779892407778542 
8.0 -0.38758060499552016 0.4544513038738036 -0.9914632366409222 -0.8483953061073417 -0.8155471792993609 
1992.0 -0.8956732528233073 -0.2346327401024142 -0.4358609735508703 0.8109383792942761 -0.7819648163344 
0.0 0.8943546652963312 -0.8589957286619168 -0.19760815656318242 -0.14200046327692406 -0.3726329106795032 
0.0 -0.1309736246782316 -0.9423348215031451 0.6674238669237686 0.7823533923960602 -0.7300202568176217 
8.0 0.111977110621577 0.6069195255044904 -0.6914096578876436 0.09170966851912787 0.2632119853554564 
0.0 -0.9947545419766721 0.3568368363367458 0.9674521838875261 -0.28884688477364673 -0.8403627493211696 
80.0 -0.7958056948360375 -0.5303598542583259 0.12079830527198587 -0.09142013184130815 0.6811073353705019 
0.0 0.7926385232837718 -0.21330538649796238 0.09799764272130274 0.19725935312826004 -0.42849105118411246 
0.0 0.5889916938753588 -0.6733327548368087 0.6043501886916753 -0.8056432073785866 0.7956307275759349 
0.0 -0.5950013619721914 0.8930266579497441 0.1652209057902152 -0.48312814341598 -0.6370518401549348 
1476.0 -0.21261806057756205 -0.23993059142282602 -0.3020808030212312 0.38606555921890084 0.07751191810268598 
0.0 0.2041064112971418 0.4010187294699763 0.9619746378846628 0.08449262098751764 -0.5394596743159317 
2452.0 -0.9907373083289737 -0.7970108294894889 -0.9760087811005067 0.977876076732966 -0.2100267281433017 
216.0 -0.45382926417426206 -0.7883300782418456 -0.6717742741937767 -0.5350830552173067 0.8541156059632962 
0.0 0.17865650971449742 -0.048281659245687836 0.5391546873341682 0.07210572622963274 -0.7572431383433236 
0.0 -0.6569206065074737 0.7125207113402707 0.4307029759257268 -0.4649783942395602 -0.012415563980460176 
92.0 0.5485675246347046 -0.42392699914160503 -0.44385127647581757 0.23120058424860357 -0.4697420100161993 
8.0 -0.6638356899017561 -0.8165635165084786 0.8915776044668959 -0.5030822364345655 -0.24950156289774372 
0.0 0.6891179955951419 0.548569366943894 -0.908328465676332 -0.862553923165505 0.46388251974011063 
0.0 0.2667236650672453 0.4571118802505201 0.9493613604424678 -0.30416164408639323 0.35960571023094756 
0.0 0.8961655453314981 -0.7443779706452867 0.7562332841460506 0.7459568540561146 -0.9848400683002001 
24.0 -0.34932620211800436 -0.0013303260786929894 -0.8194620320564141 -0.8156724514280211 0.33953971179787157 
16.0 0.0706893851245598 0.315358809755784 -0.14191717233810186 -0.8758717006628574 0.7189979834863771 
0.0 -0.5906904161361044 0.793134086079643 -0.055460604709433925 -0.6616518357856609 -0.4508330221471091 
0.0 0.22850451947581374 -0.8608011362245016 0.8510808403110874 -0.009100514789642133 0.639904932082588 
24.0 -0.508864641835435 0.43668748090284204 0.027325376710934934 -0.06517151977892666 0.03924919930646342 
0.0 0.41129317067664917 0.351030432877087 0.6064065214813747 0.9626093688454351 -0.6978337274667814 
16.0 -0.17495593900538542 -0.8178613997776132 0.06478131895278794 0.9415206726873204 0.9291995185255799 
32.0 0.46970064547541357 -0.8366433171275982 -0.5336989391409592 -0.49937358965690004 -0.9683153634018085 
572.0 -0.2521878759628773 -0.7198221249655321 -0.985188125965941 0.7734725041037411 0.11119176783414897 
0.0 -0.4572933283497205 0.29634684084940877 -0.214915487891143 0.865942867029758 0.9696050652120503 
0.0 -0.03339501599305161 0.8642456998598265 0.91904396437157 0.21010498966341218 0.22975152597585846 
88.0 -0.4438254497647589 -0.07681616514361123 0.1704002026960385 0.8715845154159985 0.4623928763072904 
104.0 -0.01490063282146159 -0.8920147180201532 -0.5496224332771298 0.7598456474778084 0.27162043839789307 
0.0 0.6289747969012776 0.8643680111312795 0.9049617704985848 -0.7788014350579318 0.3229364135375603 
0.0 0.7695420306618437 -0.10757103994644068 -0.06910746603768825 -0.1865243579498279 -0.4783166092399027 
0.0 -0.005562726435219156 -0.22811249021089863 0.837363558500271 -0.7866959163328793 0.29757071479762853 
880.0 -0.9846342558243353 0.6254526154890343 -0.6034022400424595 0.9572135396686303 -0.010741003357327417 
0.0 0.19988866376549952 0.9720658397578774 0.142303587935789 -0.574299291505914 0.17533085616770605 
0.0 0.6824819820067316 0.8840705686639574 -0.8792168947190953 -0.7851873703777996 0.6392105201211549 
0.0 0.0004199571314311701 0.9524290940830478 -0.10577296674365777 -0.6432953684089673 -0.8991510705861234 
8.0 -0.5000798171634697 -0.6966811821896133 0.4430445925647324 0.7001704586053814 -0.24541004639461828 
16.0 0.6956937705635193 -0.9393606117904187 -0.02365833346448798 0.5673130282026129 0.7722066232611349 
8.0 -0.12245988136905717 -0.18889078751171517 0.17988698710434314 0.7221198042620214 -0.38195894227383875 
640.0 -0.6741977547584799 -0.7107176253320435 -0.6094122867725222 -0.8586418817004706 -0.1668077828292296 
0.0 -0.26867778428166145 0.8696658052962998 0.16921301473306127 0.32116556393792983 -0.7538539554436581 
0.0 0.148423635397251 0.34460481376542407 0.4629430385248825 0.026809017177844563 -0.5273123776397424 
0.0 0.2367766200893684 -0.7674385284942964 0.5363242589271657 0.3930871147120192 -0.49185027536041415 
2752.0 -0.44256824131806694 -0.08218060839425023 -0.8248401626001454 -0.11582655348707283 0.5832347542705785 
0.0 0.8507307729413236 0.5204092339542192 0.8664998218042257 -0.41635391445025904 -0.9165921145118221 
0.0 0.8256782621124334 -0.8144395676152232 0.9932439709120364 0.2437944059644317 -0.6606121246915997 
24.0 0.6197601372970705 -0.7444527574630289 -0.9641746953920061 -0.16318526657275867 0.12103586726065574 
8.0 -0.3539939447721847 -0.5462658381759959 0.6462200495721686 -0.6280260822758168 0.3398640894138778 
16.0 0.8820135650425811 0.9843242406028814 -0.9867224461044302 -0.6387894495380209 0.5526928697328546 
8.0 -0.32525574981299954 0.7615542900272523 -0.6636437119202074 0.4304984221133199 -0.11524614902766661 
264.0 -0.42325820527371194 0.17359743381192838 -0.812524609847026 -0.024877825868171888 0.10465896710918687 
0.0 0.0643825595767642 0.4986705319410254 0.9478180452243681 -0.9539918749234584 -0.7593746340299561 
1624.0 -0.6657006917344219 -0.6138780619217183 -0.744261883800448 -0.3160788125925107 -0.7157943912209164 
32.0 0.2327042390917371 -0.9406682416478866 -0.8338072029462766 -0.08055002747497508 0.2506965020987939 
8.0 0.6385503028180874 0.2563928624398637 -0.7351558458750869 0.5981527443318588 0.8628795662208091 
8.0 0.0523360625809135 -0.4308522079225443 -0.46621257739401933 -0.3252621370050772 0.5982365227575124 
772.0 -0.16956694921462123 -0.22365595822487472 -0.7856322093600039 0.5444127875136147 0.26692894965377056 
0.0 -0.5855168623340143 0.38579473197785674 -0.2805540158718973 -0.8944636181628574 0.8873134312773256 
8.0 0.6914631914608735 -0.8601143272998368 0.4022441305153135 0.2548703072418912 -0.8464002514287754 
24.0 -0.9653266923131301 -0.17829058267607834 0.45941492652357807 0.42609597908386987 0.24684672914134898 
16.0 0.6478034133355715 -0.8090369833190798 0.7272814862124557 0.7307892143132582 0.6069555477441404 
56.0 -0.7009258067340027 -0.73897259837359 0.19051271601760678 -0.01711060276302856 -0.498430994065139 
88.0 -0.09348625333982685 -0.39178131570242636 -0.9249759580948227 -0.7749006210160394 0.5772094101020349 
0.0 0.32616123958249754 0.6116451886839713 -0.11073329751960315 0.3711979005636903 -0.6732709598465292 
8.0 -0.30436320723158694 -0.47042341458244885 0.7817587532269303 0.9338030408235298 0.7688027424565334 
8.0 0.779595780626777 -0.7771167025729366 0.8934244635303563 -0.7673376933646423 -0.043198250684926665 
0.0 -0.2392087853005045 0.3590706720958481 0.19180027623570228 0.40887360951717056 0.4860884688844509 
0.0 -0.2489065542554465 0.26768259511771997 -0.8396931150082698 0.44458083559458506 0.5448702679238504 
16.0 -0.13808901328959444 -0.28863403099247376 0.297191991062717 -0.2626323999234683 0.17033409247485287 
0.0 0.8154937556340753 -0.3196125255977109 0.6547193792677777 -0.9970721137532625 0.18643402680919818 
8.0 0.45728695985195444 -0.33730725061556366 0.04799501792488425 -0.9045978593661161 0.7319271361260009 
0.0 0.7970310027539842 -0.9087409722328117 0.12579841156509808 -0.910421594826976 -0.7340545486819685 
8.0 -0.40946727731502897 0.8351093977209123 0.2372618881687032 0.8868227973968492 0.8425483118401074 
0.0 0.050424506181075524 -0.097268532984214 0.7759809250930536 0.022341039431174714 0.12638595972216438 
0.0 -0.31011821322236033 0.814186916160281 -0.10333428087843743 -0.2640239878252715 -0.32338050924034123 
0.0 0.3079741576349333 -0.6164276689532611 0.7638067292559405 0.4830707117897264 0.6033937263649374 
0.0 -0.010826011807619551 0.3185002696908048 0.7174508288168155 0.5742534933298522 -0.588627317279212 
0.0 0.8945963809754576 -0.007043335264871775 0.865884089227301 -0.027525448319472012 0.34835502565415966 
0.0 -0.9124422504884468 0.7976227805101563 -0.694939945657165 -0.748396751265586 -0.6946759951497568 
8.0 -0.13161550447286152 0.3617377446382464 -0.5872040125284186 0.4112386367529184 0.29098744236469454 
48.0 -0.43237282092346074 -0.658745143240101 0.1794796266875478 0.5267666118531158 0.1208323736667829 
0.0 0.46215349656048343 0.17732354469146538 0.5920570823908009 0.1288146757071762 -0.6035312158190156 
8.0 -0.17233299561042648 -0.5784631715788455 0.1536766178509159 -0.2616565482971571 0.5442487009232846 
20.0 0.726574960705836 0.18896537844964456 -0.5195590733314182 0.685633029881477 -0.5172656021297348 
0.0 0.26555967606380615 0.9128200799041799 -0.748363970270598 0.25882204770494854 0.6491938760927292 
40.0 0.4234668208883119 -0.6841575385253309 -0.3842560870890561 0.8099125267493907 0.5740785862307893 
0.0 0.49380657623365254 0.42225693079313875 -0.34026135229305243 -0.08306976462009663 0.09926995053659371 
0.0 0.940423371626103 -0.07269790052540825 0.6143834642552284 -0.2189683923578809 -0.2305450158158162 
0.0 0.6840494460873008 0.7313284576964438 0.5560889057666802 0.9831030480766372 -0.28740633024282314 
0.0 -0.5709778880603131 0.6065021405590403 0.9413073582940492 -0.7407468627774407 0.6450440958796968 
0.0 -0.33201437448428894 0.6129576012409104 0.08807537919144925 0.7289148757895607 0.20597293126542549 
408.0 -0.8094439029887774 -0.9062480395256627 -0.6434718157645916 -0.5784898781180943 0.9386736355796239 
8.0 0.44376841448702686 -0.05180998965015915 -0.27657752370341604 0.06213828975350277 -0.3885807884260506 
24.0 0.6023091273136167 -0.22809127159113385 -0.5009488476630624 0.7998646028705241 -0.22028640327142202 
0.0 -0.11216201740782572 -0.3655626184661811 0.26534225476393236 -0.7932521516074584 -0.011136028366192985 
0.0 0.507527877781571 -0.0010785099668695342 0.20793689122657533 0.7235269131360142 0.9176474275513151 
308.0 -0.38467973543974776 -0.523814058918544 -0.634965094796667 -0.542886389188076 0.8684359517351412 
8.0 0.09150489856806399 -0.8670324400370006 0.0027086842678214484 -0.10837593525304445 0.8819053100364866 
24.0 0.10216053335586461 -0.058047069698520914 0.8315807670797302 0.22121112867419268 -0.20311247893650153 
0.0 0.8684861940907533 -0.06838850362598792 0.11298676784913719 0.9473023473643898 -0.6999100976645352 
56.0 0.8372767710689759 -0.017555853553059997 -0.12039601895502638 0.9528027793238767 -0.6783759431062792 
228.0 -0.2599185167609026 0.05422440590383304 -0.9541127923421755 -0.5456337871187362 -0.36255371990800733 
4496.0 -0.9542251869127778 -0.41302856102350516 -0.9208867704093393 -0.25874855377273964 0.6032416946996293 
0.0 0.8217957467930803 0.03342160287035112 0.6218231712735156 -0.2830714490167454 0.5487799305377299 
1604.0 -0.8890018511991016 -0.6060673931199647 -0.6161053836895387 -0.1646662177187872 0.17234254038653196 
0.0 0.7757610700685214 0.661395492066341 0.10197078205409982 -0.042162926787020494 -0.40683086425686255 
0.0 -0.6133867292128836 0.8259379632905259 -0.12253995688725428 -0.09608177909160243 -0.04692570281582231 
0.0 -0.6459763055117809 0.9663759716999136 0.4086091836350214 -0.5019437065396042 0.7223765911528084 
0.0 0.9604690622339662 -0.20417470737525822 0.869653612224939 0.07376723275759711 -0.8670201794375028 
0.0 0.0856271612530588 0.3823154581231163 -0.9143995100171698 0.4616215348115622 0.8868725283229499 
0.0 -0.23938455912535672 0.7504917021715443 0.44444048377426015 0.47466061481772925 -0.8511435575446529 
0.0 0.806595883089259 0.9320733187508665 -0.6208060861279319 0.9578936534777511 0.10762321137436803 
32.0 -0.7852613244020383 -0.6309912792493328 0.5156878254396209 -0.4003763801215505 0.05347492379133323 
0.0 -0.36034225304333223 -0.6527475955681421 0.8887020232044887 0.2979373306076827 0.3278564729886453 
0.0 -0.6731830771487082 0.2347265140735244 0.7691500792666672 0.7031414552710802 -0.4241910097524664 
0.0 -0.34492292973906147 0.6184929717123677 0.2553072477645515 0.3695709360046837 0.673343414714374 
8.0 -0.8755887020293913 0.4128974309414575 0.0983754742559082 -0.8452154080014072 -0.6531099777766223 
0.0 0.06047780999999719 -0.3500797959213058 0.709810427025928 -0.041704981672229025 -0.4071557960893941 
0.0 -0.1469539309497967 0.5189937120723727 -0.9669343045388041 0.41964828977447755 0.6600127592364482 
312.0 -0.6755018101891632 -0.7578661672378328 -0.208825410124291 -0.009100320161814501 0.8165664994046393 
8.0 -0.840391847439921 -0.018360949432030704 0.6749252909345265 0.023108682374918477 -0.11667168475709344 
0.0 -0.31695971331748685 -0.2131709606028429 0.7932892339126028 -0.994782212256498 -0.40666738912940414 
16.0 0.19397992717484547 -0.15305550320895045 0.4277891684715298 0.8081701143569748 -0.5577835933707935 
652.0 -0.7901581711059429 0.5533045186422978 -0.8428676629129603 0.5998999842357378 0.30875931785764643 
0.0 -0.7510685358774145 0.7052276934028656 0.46754942014796197 -0.3691893144831837 0.5857739520897027 
16.0 0.09801212262692349 -0.3960040380530707 -0.9925929394887212 -0.7762927873272298 0.9941401006286801 
0.0 0.332772443740758 0.8320816051209448 0.2192355108268682 0.5661165588820507 0.9431857486981561 
16.0 -0.08205962394610178 -0.14530861936405093 0.6761353434108659 0.7307152761694138 -0.9331729695375532 
0.0 -0.5094212209961437 0.027734105000541742 0.3887555404849561 -0.7355421814525747 -0.8053209202805183 
4984.0 -0.19237404965012628 -0.210212623318617 -0.5441540190804748 0.36190674322117733 -0.5088741824856275 
0.0 -0.6360322203355262 0.8433822576687424 0.31365271825054575 0.3334395316848242 0.9766448306278372 
224.0 -0.25771376355875186 -0.48233353667537515 -0.10870346644244844 -0.07305784220804767 -0.11531910489347608 
0.0 0.09812467343234821 0.35361296323778824 -0.027928615221155084 -0.9658974742753079 0.6707048702387544 
60.0 -0.923858145485718 0.8661171741858784 -0.847908952702606 0.587742896619788 0.4019102406033461 
0.0 0.3969117730343943 -0.3115706811373202 0.505147296321248 -0.7359788515481289 -0.7786464704682217 
680.0 -0.6185164858118228 -0.5074079314329731 -0.40624775187192763 0.7999249219191387 0.8224922216697614 
0.0 0.44731652198731675 0.03130207035761989 0.7452866077807678 -0.19207564628543272 0.47014350561241924 
8.0 -0.6557006588462098 -0.7970171692745227 0.8544902617408785 0.48802582612527523 -0.9268056834275589 
0.0 -0.026918881357182567 -0.1887649734405661 0.7632858767612922 -0.47874482719078837 0.030713244752642366 
0.0 -0.061373201942822586 -0.05403909148459629 0.5311951170076001 0.3929951050056981 -0.11003682596710207 
0.0 -0.31974864036039596 0.6002377333919207 -0.5230954906082061 -0.5100719119935249 0.023244406393241768 
0.0 -0.14280490697005166 0.6967085289094006 -0.9940023900272901 -0.9421267596591991 0.3905151895322452 
524.0 -0.9990072344127372 -0.6335725916343393 -0.32472794558524476 -0.9487048276123926 0.6140837562863795 
472.0 -0.856754574946146 -0.3419869272266245 -0.038537894099216485 -0.11610960829436978 0.4461405488173351 
0.0 0.8381717491810239 0.4638886033353009 -0.7839614240847577 -0.06729386253606884 -0.767265997131372 
8.0 -0.2701033460825668 0.386266218647606 0.7444422811561944 0.485950173304035 -0.1271157083489478 
76.0 0.6625215890531364 0.7419180923242006 -0.9641983167958157 0.007037526936496619 -0.8122740032166309 
0.0 0.08821665068925477 -0.09825908176943998 0.8150732538353309 -0.5014528304751931 0.523960714404275 
936.0 -0.8397090146415351 0.47543924739530463 -0.762919774159958 -0.6377864927633201 -0.7821212746607384 
8.0 0.09901879358475685 -0.881077101745849 0.19979636927126743 -0.20385920727415163 -0.889364093970129 
8.0 -0.9439365543086293 -0.009409765966625239 0.9777980602807708 -0.24523110597634723 0.06443130753125348 
16.0 -0.4541323627034446 -0.8491112417665476 0.9583338252988767 -0.10895231141062367 -0.9123857329715674 
0.0 0.5165511055724321 -0.4599826768677131 -0.3275291590686533 0.1136503679267975 0.3070377993143847 
0.0 -0.45019120372686783 0.315505401000298 0.1489315716469204 0.6214797875385101 0.6804779093443272 
0.0 0.36943073199962906 0.6838238688994653 -0.17258169420005354 0.6648318029154214 0.33348279117099877 
164.0 -0.6845443190043443 0.4834788407496322 0.0008324339441923012 0.25138613695296086 -0.8132168125410673 
0.0 0.6003347137277444 0.7599788433534653 0.4675274501770157 -0.9026507027571171 0.01568375591002158 
24.0 0.19433991167227727 -0.6692548968374343 -0.38535834675633684 -0.06724273465460362 -0.25372753737475917 
8.0 -0.18315477376173028 0.4705664142984538 0.5041571865006811 0.5247057017594405 -0.9506350624457778 
16.0 0.798169141551057 -0.6330419814489976 -0.0761466796362067 -0.9467464855648324 0.008815208611677061 
16.0 0.0374480020749437 -0.6724069835238784 0.5683767026091449 -0.23021040761889444 0.9505378523488066 
2052.0 -0.9046850897840841 0.6578472291108857 -0.8818389356315239 -0.23162219211962576 -0.3534800910137115 
0.0 0.588367541279734 0.13370345697316166 0.9164540117686453 0.2177651621480452 0.6648281195797181 
0.0 0.9474390855990475 0.2732821378966803 0.5925676660431289 0.21515820716960943 0.05884124853714501 
0.0 -0.2784253073270193 0.27523172972856513 0.5510574656644058 0.33843046116410913 0.08222967810333204 
136.0 -0.4016275432373444 -0.6302022190426013 -0.056855817654053675 0.7315548060388903 0.47092306685709384 
8.0 0.26021728005711253 0.8646421439291518 -0.18134209882783803 -0.940531137843224 -0.8414280831744327 
16.0 0.6870075127410369 -0.8154467867271502 -0.74113466709847 0.35593985014440976 0.7936943912478451 
196.0 0.07360493775831456 0.38070950464807995 -0.9261463462157349 0.6014965182444487 -0.49347428690285655 
0.0 0.7263598833588387 0.45401172565518655 0.21538729758620612 -0.38909368869494365 -0.6971728310209384 
8.0 0.6913645798341943 0.7185136521104583 0.8051725071578952 0.4668446414680103 -0.9053397203114233 
0.0 0.9157025246516641 0.43605344525740164 -0.03630323327533258 -0.5536622321835853 0.9240571167783871 
28.0 0.12612464104108567 0.7188934718310163 -0.2559695639350399 -0.4500615744778971 -0.5191671116794077 
8.0 -0.36167913166096644 0.70753118337106 -0.8125092324905221 -0.6191287771050873 -0.8183701547696915 
16.0 0.697215983106312 -0.5722092293686458 -0.5272781946518672 0.8643754179167904 0.6850303806858056 
2040.0 -0.9063839789696391 -0.29964294535376834 -0.5381350796789954 -0.0023675646797474137 -0.9382186081407307 
0.0 0.006009540953017201 0.25346419077786475 -0.6568902441803264 -0.9571923241406659 0.11285799161830412 
0.0 0.7948063350787908 0.3704817381820358 -0.057698927011200496 0.8703608496751056 0.7545536195140476 
8.0 0.3912260221596755 0.6370548858474308 0.7887906462317902 0.9310360394138071 0.6119782652225547 
0.0 0.44747563763488785 0.8683247133957916 -0.12791296398930463 -0.4086882646959522 -0.009014066878709759 
8.0 -0.044366483034072646 0.5053510784548356 0.3075426863343209 -0.7836098977084389 0.3763551992842875 
0.0 0.577992976491233 -0.8498299359246531 0.07707241711171275 -0.5068160450743953 -0.7321446802834801 
0.0 -0.10322919583916135 0.8411991260021294 -0.8595712348242286 -0.5652160844702283 0.9627103083234225 
3360.0 -0.9951492511299909 -0.3481417807532321 -0.9892966366692719 0.9118465345985602 -0.9209341104047744 
0.0 0.2363227994021908 0.8034200234725337 0.2348320120398868 -0.3729871008225345 -0.6870622441018801 
16.0 0.5777755278481407 -0.35017510205277036 -0.34605396170128144 0.8361155020834512 0.33368902257662847 
36.0 0.9634302681982521 0.8948188039472107 -0.981434928834978 -0.7059949361997124 -0.9421757176258592 
0.0 0.5297110400934624 -0.055623197964333126 0.37274998874740395 0.8880564416608114 -0.6799591684050126 
8.0 0.9529097879326474 -0.36648600483384564 -0.003117674460999309 -0.5773494879245675 -0.993021087005505 
0.0 -0.18222359578664182 0.21699864050873718 0.24103347932369812 0.5669028654502499 0.8393260892096768 
8.0 0.786078081374155 -0.8313047602396257 -0.0680885605412982 -0.5344651744462623 0.4102858373836986 
748.0 -0.678168092911313 -0.07136314802893584 -0.018205432200449456 0.6835717695579842 0.39752384818203 
0.0 0.9317370664633451 0.8727210996151287 0.42673334213837877 0.6105890549174049 -0.6041113931459652 
0.0 -0.24750640822024517 -0.5171319605313773 0.42112571472395244 0.49349908555770794 -0.06085670648275454 
0.0 -0.21284496980513845 0.5735210766970626 0.5737054079978887 0.8236225777396524 -0.7824385296513645 
0.0 0.8028938612660905 0.32922961142255724 -0.5159792551463207 -0.4311148316450564 -0.803464684454132 
0.0 -0.014343067319293246 0.9278431006120589 -0.3748368034568865 0.9020560021132984 0.588427165587053 
8.0 0.7540089101863827 -0.4195347756206793 0.30898030656015063 0.9504912619365722 -0.9413104348107084 
0.0 0.352280767786193 0.13614696406907867 0.19204940676860116 -0.634731679065458 0.022702319070094346 
128.0 -0.7007297703556175 -0.9649696677563293 -0.14708098236470168 0.9865997734374916 0.9094396012410171 
16.0 0.4850593850821008 -0.1893929863245596 0.7995579900767018 -0.2411468649318027 0.7046018080581467 
16.0 0.30678314990396216 0.2465878628007545 -0.8693230361924198 0.7556525897310973 0.01353388232750663 
0.0 -0.13844648942092697 0.2946220267608124 0.4785007578202185 0.005072770429686901 0.3681432771884441 
0.0 -0.10780042970561698 0.9115852969375673 -0.03529979316807674 -0.1669192563114552 -0.03380215323384883 
8.0 -0.5234166048411204 0.575736861428233 0.7614286790305098 -0.11100934095436243 -0.3324493701254181 
0.0 0.7596967534619661 0.4753989637533198 -0.03846050669567358 0.1446153146826601 0.33343910483660344 
0.0 0.2757232177425055 0.7354770383239839 -0.09030035770977429 -0.2568861078080775 -0.6087382185136472 
16.0 -0.27316873788949736 -0.8309939586841188 -0.2633297456039936 -0.2423840525388874 0.8336597231171832 
28.0 -0.7721533837680616 0.6963718307501805 -0.7028258165270296 0.7552954090389381 0.5145984248737514 
0.0 0.49863962557662167 -0.4426198122883467 0.4999107294223297 -0.7437301722706291 0.02007896747771354 
0.0 0.3746875443684208 0.6749217848809321 0.16140263625842755 0.7672636955707117 0.29060913275187983 
0.0 -0.01366628690333771 -0.6613567220604035 0.44890997418044676 0.7144292640038963 -0.4033692578664807 
0.0 0.024240610710786425 -0.848735246347931 0.5497255978007451 0.6782978964469237 0.603236220972805 
0.0 -0.3146228016302586 0.6252536928313459 -0.22106640505531305 -0.5578801797084056 0.8071226171973684 
0.0 0.5746291919213831 0.7825606661184699 -0.9696254789736081 -0.5527919813008615 -0.6631872861298345 
0.0 -0.6301296604821214 0.21940501855868177 0.7021481063613988 0.6683220437602648 0.9114577333999454 
0.0 0.8800942112718149 0.7150039040379472 -0.7813095911305337 -0.8679541367201993 -0.3392672554105858 
0.0 0.10981701631250007 0.8151584375555516 0.46948977883201803 -0.1532338502471029 0.7555232061604127 
20.0 0.4492337998061724 -0.1739022109131234 0.36108781707373105 -0.8846090574543053 0.9944638460204474 
16.0 0.10492687738921957 -0.3398496810775433 -0.853618485317579 -0.3162868178044451 0.7755026404042622 
0.0 0.6872688453167317 0.09132237561500522 0.4551293301296462 -0.7432194995749615 -0.7364651832670872 
8.0 -0.096917627631941 -0.5705988370826949 0.5370284612051182 0.40967718542313736 0.48147310698022316 
316.0 -0.9560684138215825 0.5308866585115022 -0.2757181139639713 0.4749093736492678 0.05253652820251764 
32.0 -0.8019930009902922 -0.7338044826072978 0.3087664598777353 -0.44665289468118474 0.7550618067975843 
0.0 -0.04634603420198813 -0.9775637410978653 0.6829567886355996 0.006055404979965928 -0.45408085678445387 
0.0 0.4825925562614646 0.13670729465942966 0.7055190391842774 0.5237643754731736 -0.04249461323217396 
0.0 -0.26888921575669467 0.9776540571112411 -0.17984366123537265 0.7344548923858782 -0.6839645599785922 
3564.0 -0.15116296200017532 -0.10328602654185826 -0.3202086016749577 0.3057732038095917 -0.5439362264915766 
2864.0 -0.15449309775748832 0.08587136325591471 -0.6424565673087796 0.40576932471638294 -0.3945414914878247 
16.0 -0.06715263015170891 -0.9701905634362833 -0.26996862071812755 -0.3012074395445321 0.8122040515355962 
0.0 -0.38000077713941405 0.3620665751547105 -0.9203024043481056 0.8695961111557962 0.2755355762840834 
0.0 -0.17986117216589625 0.9604082155857918 0.8942027831942989 0.6165870913823384 -0.5723465931330478 
8.0 0.1608458011546703 0.47984091441545007 -0.7089427646836999 -0.00036626155823760165 -0.8548776639726914 
0.0 -0.6945931485401644 0.9566770308700634 0.795964521256844 0.7200537493779098 -0.3470541749814726 
700.0 -0.7918052816242533 0.03978025593260992 -0.7659322762729603 -0.12823150306518905 0.563771623327662 
0.0 0.15289324859918008 0.75903054845599 0.05918277310510156 -0.6642555357977753 -0.6948074149406287 
0.0 -0.1443970939114505 0.3302128397719959 -0.24316021323356085 -0.4217606001192036 0.9675577344483843 
8.0 0.9923557499030571 -0.7670214930535648 -0.6699738908864186 0.020828864817609594 -0.9005439643515853 
0.0 -0.1730338735270016 0.9750746318307519 0.9998325325477502 -0.4401209162904103 -0.8580336899909025 
96.0 0.7206677073103949 -0.1865998072434485 -0.7262961641105599 0.4028631735873136 -0.7286555529561196 
280.0 -0.21359556363844034 -0.6908005415419867 -0.41714289815781536 -0.0329056198483606 -0.1947462395430435 
1384.0 -0.39098945680360075 -0.4244723815952063 -0.8050621614470646 0.2039608689496808 0.1913642830663438 
0.0 0.47873271159013453 0.9408119652757647 0.7608568944168013 0.29720970572279337 0.7495184854673209 
0.0 -0.0077572456918078014 -0.02295023866899104 0.45213383221371495 0.6116875532172956 0.499755997622219 
16.0 -0.716610431671244 -0.4525700804479418 0.3448135101606371 -0.27899832903020205 -0.28065552895115986 
0.0 -0.09790931443675932 0.7089329322164042 -0.19048469105089394 0.4744388979640879 0.3276619752880374 
32.0 0.4019648845417678 -0.3058331006125319 -0.8819111015550412 -0.28438221059418356 -0.8164004803217608 
0.0 0.7949401710468511 -0.617087133005553 0.45001903752724504 0.18854517993162956 -0.8198293704340036 
2336.0 -0.75107618737312 -0.26788014825030304 -0.49272798723652134 -0.21162290243653192 -0.8821660913320204 
128.0 -0.6322992933058516 -0.9630928180270895 -0.1530344851643608 -0.37602541831614156 0.9197271585268838 
0.0 0.4046696132962502 0.6747484613020047 0.39274010191184305 -0.6276572888631864 0.1482137729198194 
0.0 0.5579809193916738 0.961184797118176 -0.8491032544561612 -0.7370080062169764 0.13802660985184856 
8.0 -0.10635440253295436 -0.7907323702227955 0.1888460431985226 0.12681126151082012 0.754575431262299 
40.0 -0.6894010169811942 -0.7917472374502987 0.443557033898335 0.17915031524972114 0.8824029775766891 
0.0 -0.7683505203977747 -0.40671444715058724 0.8853653894061511 0.3919862197950379 -0.5647778854620364 
0.0 0.27517544444331477 -0.851409518416292 0.5601258296182017 -0.47830318322719445 -0.5383806597973575 
36.0 -0.5079479676689658 0.37539557948946856 0.08007325573855795 -0.030391355556263377 -0.6964387609717237 
0.0 -0.38083803510633674 -0.7380613050405225 0.897236735272084 0.05445415340039794 -0.25399084100201463 
0.0 0.7384594313873387 0.4822725517568689 -0.9783379353180408 -0.2210473910421944 0.3724721771429438 
8.0 -0.7923428545504521 -0.13472200974738824 0.6734909683123125 0.36256407541107505 -0.4002515563577349 
64.0 -0.5720254797354536 -0.7555444818832564 0.13180659394924898 -0.48377301837221864 -0.8329179855381807 
8.0 0.3930660514293558 0.8409629613621878 0.3073759344272562 -0.5596530468655598 -0.5942826680373547 
0.0 0.2664239653439797 0.10619913918454782 0.529103432933897 -0.5212830896122076 -0.542793810961792 
0.0 0.5248608710939779 0.000959724744493462 0.22386932315409092 0.8084426778972142 -0.5165219518978503 
0.0 0.8615128854219627 0.21284388411268784 0.4277483047642723 0.22863529489472856 -0.8643610822950638 
8.0 -0.7536426282800655 -0.7043023182290815 0.6626079019441815 0.2423962486346074 -0.8350906706565575 
16.0 -0.12567671643828326 -0.35301844581218433 -0.42780575834333257 0.29639680221289666 0.6555970793808881 
0.0 -0.5552524250882998 0.6078367132843083 -0.4931836776676397 0.9029291627855818 0.6818489057130344 
1420.0 -0.24118300330507503 -0.4579647175911712 -0.37429788985189094 0.2767951297402673 -0.03503560628527769 
0.0 0.08720864212581891 0.6936928533294284 -0.41801148286683953 0.9993390758597696 0.10572615346157122 
216.0 -0.09725513206727787 -0.2779962310547113 0.053058803414704814 0.5416483933586902 -0.585166551398898 
76.0 0.5059862051619917 0.029106383205613318 -0.23109380586669537 0.9759046503923599 -0.2547024939093241 
136.0 -0.910517368126557 0.8441134015638108 -0.22872270397575445 0.8152518282539691 0.05652806545914468 
8.0 0.6093129894853382 -0.3959418849779628 -0.3336689999330853 -0.7940282995539887 0.9385643799636787 
16.0 -0.693842754658665 0.02630377920142246 0.22749042061225433 -0.014601607727365407 0.7704296801111048 
0.0 0.7615425035521957 -0.8523282403916446 0.3002396274546295 -0.5278111563180963 0.284270384902378 
0.0 0.8770701869733237 -0.2178067894309288 0.9006122670329337 0.07634594259622962 0.5664109062809533 
56.0 -0.8765397809364555 -0.6993097924690967 0.3308738414808512 0.766361622569167 -0.1472455090814062 
8.0 -0.3070392245896383 -0.7267463507798546 0.4769977382460109 -0.9031704291625644 0.5692615406870773 
0.0 0.14390854769762584 0.5464435833473211 -0.050134261674548375 0.09827874601629571 -0.6626124957241029 
1940.0 -0.23723527910141406 0.19886561130564062 -0.33816179693055526 0.7145639958401924 -0.6132805348796215 
0.0 -0.4100768969418842 0.7829996147370879 -0.5163951754710212 0.20829525713643005 0.4293428564496282 
16.0 0.4515450731796009 0.6433189419072112 -0.7485237897175987 0.39709703818347397 -0.31548316346984273 
348.0 -0.6780248950840604 -0.4882194674190621 0.012727542462228403 0.4742652892081116 0.5446632647428189 
0.0 0.378578672141785 0.480110212318124 0.19190886002494723 -0.3270672806113306 0.1276457595898306 
0.0 0.7750536730845328 -0.6797134819519108 0.7867673417903789 -0.4720598688854758 0.9956492555296543 
0.0 -0.21334675292744443 -0.5472627536594228 0.3965054018544383 0.19142582192938984 -0.5254477127305881 
548.0 -0.8606629045859964 0.41842368898072513 -0.536805347415523 -0.5877498319353667 -0.29775790708181105 
1280.0 -0.29125733394970865 -0.5238387642772286 -0.6530961127118522 -0.361495899785371 -0.9973797390383152 
0.0 -0.7700442791890156 0.5240851177729309 0.7992052075873579 0.8733784479823514 0.85703012514007 
0.0 0.6012523649262067 -0.25903213979632156 0.5787288709369791 -0.47587323332549447 0.21082039077126602 
24.0 0.9204712585803292 -0.7095320509025673 -0.09866402054672019 -0.8690256371195597 0.6071899541480319 
8.0 -0.08225653114329301 0.009601355121715782 0.7634401670304436 0.48120384878495326 -0.8363929732642326 
1416.0 -0.26340954179781684 -0.3484956409424338 -0.44523339047807897 0.960735903494486 0.21214240362469505 
0.0 -0.8632223198713531 0.2511451962844513 0.20120094008424827 0.14140557022421563 0.7800116812054927 
80.0 -0.928381035041941 -0.3505143345955106 0.38594308155541346 0.6338893814601574 0.8015128807203857 
0.0 0.5652473340880317 0.7126181426189753 -0.8273190297092121 0.13163476837363386 -0.7250376725159071 
800.0 -0.37624542233382163 -0.14098415617463633 -0.5406561231872677 -0.7926704003846903 -0.9019105043318545 
2536.0 -0.8775470058000223 -0.005324597252710728 -0.12635021834994675 0.17382518473987063 0.3413476210650399 
0.0 0.5409816840436255 -0.20497549080089605 0.6391774321052877 -0.9142929081705933 0.004836404879543732 
24.0 -0.668464767219431 -0.18366661498611658 0.2917929405344182 0.18926581903596218 -0.5954763446437175 
16.0 0.32358707543786513 -0.766832999541315 -0.21844983043971578 -0.8053873713695139 0.040867285325924874 
244.0 -0.6103628219897204 0.011131511405057859 -0.3957919781416295 -0.5840879880566721 0.6242112826368915 
0.0 0.5965987988449253 -0.5143287677125528 -0.3044007615078488 -0.6066274274442041 0.5612470405541352 
104.0 -0.7923718551407968 0.5223752842332874 -0.7879729205143948 0.00997298675128544 0.10684683431120856 
176.0 -0.6198374928346424 -0.6995941671970698 -0.004714037336256638 0.10959057055634713 -0.90479148901517 
32.0 -0.36158424100762154 -0.7871061098036733 0.13923322418289685 0.6672259340321252 0.2754622284071131 
0.0 0.088794181980407 0.9964760832146953 0.4810538443560408 0.7940146485303416 0.7110590712295124 
8.0 0.5486091481780295 -0.37388077561598765 0.09466704914364166 0.27131858418164656 -0.7066546191421208 
20.0 -0.3383226507041355 0.24060880826850473 0.21343451336818053 0.0247964437495527 -0.3367841696648659 
0.0 0.13824769084402022 0.19816792277094897 -0.1308935346934832 -0.7048770188924125 0.4084503420714243 
