6632.0 -0.15449309775748832 -0.2779962310547113 -0.6424565673087796 -0.0023675646797474137 -0.22560075102397414 
2164.0 -0.9907373083289737 -0.14153545808238066 -0.7309375578491646 0.9495811164256134 -0.2100267281433017 
1068.0 -0.8225371256580445 -0.97551638594391 -0.8248401626001454 -0.11582655348707283 -0.22560075102397414 
4360.0 -0.5229581592274608 -0.3481417807532321 -0.8397477989987849 0.10650507286946942 -0.9665509497332074 
2340.0 -0.19237404965012628 -0.30125643855133943 -0.5441540190804748 0.3057732038095917 -0.8821660913320204 
96.0 0.9337379558523864 -0.3868911866245113 -0.9892966366692719 0.732617605983003 -0.17446456422018053 
4396.0 -0.19237404965012628 -0.40991913441804395 -0.9208867704093393 0.5437835911551752 -0.22560075102397414 
2084.0 -0.11664134008875604 0.2948565479854197 -0.7472034337825015 0.22315113808223086 -0.7157943912209164 
7332.0 -0.15449309775748832 -0.3481417807532321 -0.9892966366692719 0.07507911469925199 -0.03503560628527769 
22300.0 -0.3300012957438927 -0.10186921395796733 -0.9801117842452796 -0.3047580798183338 -0.038327557184860694 
0.0 -0.5229581592274608 0.5307823080981862 -0.6424565673087796 -0.3160788125925107 -0.3945414914878247 
5264.0 -0.5229581592274608 -0.210212623318617 -0.5441540190804748 0.22315113808223086 -0.22626417582599356 
3080.0 -0.5732620124211922 -0.6138780619217183 -0.9208867704093393 -0.25874855377273964 -0.7732902704648483 
4228.0 -0.5732620124211922 -0.15291120602693375 -0.7270581247493293 0.10959057055634713 -0.7732902704648483 
2436.0 -0.19237404965012628 -0.8920650792833713 -0.9892966366692719 0.732617605983003 -0.9963344211438836 
6120.0 -0.39553560009550726 -0.35195300184609035 -0.9367808684446559 0.259164627726169 -0.5776684601056756 
9176.0 -0.21923720094095378 -0.17207214232052115 -0.5441540190804748 0.5437835911551752 -0.17084025766209399 
7220.0 -0.18704301197112572 -0.14153545808238066 -0.9541127923421755 0.7721191481642662 -0.22560075102397414 
4376.0 -0.26186219715379844 -0.3481417807532321 -0.9892966366692719 0.3570893238209407 -0.6435571117705683 
8.0 -0.5282774873855016 -0.3481417807532321 0.877786248542795 0.17382518473987063 -0.17446456422018053 
3128.0 -0.5526908124688217 -0.15232820771977051 -0.5441540190804748 0.5437835911551752 0.30875931785764643 
6372.0 -0.39553560009550726 -0.2356947569269623 -0.7858535501546517 -0.29266369954273075 -0.2100267281433017 
2344.0 -0.9542251869127778 -0.7490037192557681 -0.9208867704093393 -0.0023675646797474137 -0.22560075102397414 
4532.0 -0.5229581592274608 -0.20962760082486565 -0.7472034337825015 0.5437835911551752 -0.17084025766209399 
2864.0 -0.5229581592274608 -0.10186921395796733 -0.6698652603077357 0.22315113808223086 -0.6730500298638884 
4132.0 -0.693260608333635 -0.10186921395796733 -0.7472034337825015 -0.3160788125925107 -0.6730500298638884 
176.0 0.016746006617971432 -0.3933122706772114 -0.12635021834994675 0.17382518473987063 -0.5301292095925649 
0.0 -0.5732620124211922 -0.09912535136063405 0.5352743873404064 0.10959057055634713 -0.7732902704648483 
12292.0 -0.15116296200017532 -0.09443483021800558 -0.996593513562984 -0.23162219211962576 -0.22560075102397414 
6632.0 -0.19237404965012628 -0.10186921395796733 -0.9801117842452796 0.7145631672757422 -0.17084025766209399 
4440.0 -0.926004450117001 -0.3481417807532321 -0.9801117842452796 0.10959057055634713 -0.03503560628527769 
4192.0 -0.6957290499595064 -0.14153545808238066 -0.9208867704093393 -0.11610960829436978 -0.3534800910137115 
580.0 -0.3300012957438927 -0.7495163399522775 -0.5441540190804748 0.36190674322117733 -0.22560075102397414 
0.0 0.016746006617971432 -0.15622721955067553 0.9636089959031147 0.6936556476808216 -0.6730500298638884 
6272.0 -0.5282774873855016 -0.616374860684415 -0.9892966366692719 0.9118465345985602 -0.2100267281433017 
1084.0 -0.3300012957438927 -0.7072722334374695 -0.3918814685264358 0.9528027793238767 -0.03503560628527769 
660.0 -0.5732620124211922 -0.6838284773233252 -0.7760131035288971 -0.8481978705478883 -0.7732902704648483 
3412.0 -0.8261778265694879 -0.15291120602693375 -0.5441540190804748 0.36190674322117733 -0.038327557184860694 
11364.0 -0.5732620124211922 -0.15622721955067553 -0.8774776360814249 -0.22883040997107273 -0.03403600464950207 
5696.0 -0.5490169512906851 -0.15622721955067553 -0.6698652603077357 0.22315113808223086 -0.03503560628527769 
1524.0 -0.304590643342711 -0.41302856102350516 -0.996593513562984 -0.25874855377273964 0.13158095795567148 
3192.0 -0.8890018511991016 -0.210212623318617 -0.6501807089451965 0.6936556476808216 -0.5800376599071693 
2704.0 -0.8748419783763632 0.03978025593260992 -0.7659322762729603 -0.2769205814917066 -0.7965698822912437 
40.0 0.9120854341465319 -0.3481417807532321 -0.9892966366692719 0.9118465345985602 -0.17826514624733036 
40.0 -0.36339975965198157 0.24970384147306346 -0.5406561231872677 0.5998999842357378 0.6245097762882692 
672.0 -0.36339975965198157 -0.9632760519180643 -0.8428676629129603 0.5998999842357378 -0.22560075102397414 
5452.0 -0.3300012957438927 -0.3868911866245113 -0.922010841865532 -0.27419453047145814 -0.038327557184860694 
1552.0 -0.3300012957438927 -0.35195300184609035 -0.8397477989987849 -0.27419453047145814 0.41909405143150313 
2620.0 -0.5282774873855016 -0.8920650792833713 -0.9892966366692719 0.9118465345985602 -0.17446456422018053 
5936.0 -0.15116296200017532 -0.10328602654185826 -0.8818389356315239 0.5346942654370659 -0.7057367982484102 
1812.0 -0.6472853022499925 -0.12960258299522454 -0.7309375578491646 0.9556829335607213 -0.7732902704648483 
600.0 -0.15449309775748832 -0.2779962310547113 -0.7549827605099386 0.07507911469925199 0.32515770582315273 
2636.0 -0.31819242322925145 0.08587136325591471 -0.7659322762729603 0.5571898245159854 -0.2863433074330921 
1504.0 -0.15116296200017532 -0.35952844373653625 -0.3202086016749577 0.9118465345985602 -0.9209341104047744 
2504.0 -0.36339975965198157 0.3490445968089595 -0.8428676629129603 -0.11582655348707283 -0.8821660913320204 
8788.0 -0.15116296200017532 -0.10328602654185826 -0.996593513562984 0.5346942654370659 -0.22560075102397414 
3240.0 -0.9542251869127778 -0.3481417807532321 -0.7180932539868696 -0.27419453047145814 -0.038327557184860694 
16.0 -0.7009258067340027 -0.4244723815952063 0.49841048261543586 0.2039608689496808 -0.498430994065139 
10452.0 -0.39098945680360075 -0.15622721955067553 -0.8050621614470646 0.22315113808223086 -0.03503560628527769 
2524.0 -0.9951492511299909 -0.10328602654185826 -0.8248401626001454 0.732617605983003 -0.7547148754770909 
4896.0 -0.15449309775748832 -0.33956814158410453 -0.8774776360814249 -0.034104385020654826 -0.5622517520586443 
11072.0 -0.39098945680360075 -0.3481417807532321 -0.8050621614470646 0.9217626683364721 -0.03503560628527769 
1716.0 -0.9020877208424634 0.3490445968089595 -0.8248401626001454 -0.11582655348707283 -0.1758178636851806 
268.0 -0.3300012957438927 0.40604393476610556 -0.6501807089451965 0.07507911469925199 -0.03503560628527769 
260.0 0.016746006617971432 -0.20962760082486565 -0.8774776360814249 0.5437835911551752 0.010217844172513146 
4024.0 -0.39098945680360075 -0.3481417807532321 -0.8050621614470646 0.8656786084455121 -0.378175715124641 
15988.0 -0.09730382097673673 -0.15622721955067553 -0.8774776360814249 0.07507911469925199 -0.5301292095925649 
840.0 -0.9020877208424634 -0.08218060839425023 -0.15875010245738985 -0.1646662177187872 -0.7732902704648483 
6448.0 -0.19237404965012628 -0.10186921395796733 -0.6034022400424595 0.9572135396686303 -0.5986148182726985 
4936.0 -0.5732620124211922 -0.15291120602693375 -0.5441540190804748 0.37179881981287033 -0.17826514624733036 
1260.0 -0.39553560009550726 -0.20863404082308779 -0.7549827605099386 0.36190674322117733 0.32515770582315273 
0.0 -0.36339975965198157 -0.4244723815952063 0.9364302680032952 0.5998999842357378 -0.03503560628527769 
10556.0 -0.15116296200017532 -0.14153545808238066 -0.4908361658310214 0.13247689014963937 -0.038327557184860694 
68.0 -0.15116296200017532 0.5596343831951567 -0.8248401626001454 0.2767951297402673 -0.03503560628527769 
48.0 0.3843618336158592 -0.35195300184609035 -0.7549827605099386 -0.11582655348707283 -0.2862352360350533 
1164.0 -0.5282774873855016 -0.9748033866941159 -0.5441540190804748 0.9118465345985602 -0.17084025766209399 
24.0 0.6026588120748444 -0.14153545808238066 -0.744261883800448 -0.3160788125925107 -0.22560075102397414 
4772.0 -0.5229581592274608 -0.26788014825030304 -0.7472034337825015 0.22315113808223086 -0.22560075102397414 
128.0 -0.9020877208424634 -0.09912535136063405 0.4546783439474802 0.9022361537833632 -0.20168183436055886 
4220.0 -0.1511671923898199 -0.03825837308840119 -0.5767739969542205 0.9556829335607213 -0.7157943912209164 
2524.0 -0.39553560009550726 -0.12960258299522454 -0.4908361658310214 0.7721191481642662 -0.6435571117705683 
8.0 0.6415097060174855 -0.06361255952081302 -0.7270581247493293 -0.3160788125925107 -0.17826514624733036 
4920.0 -0.26186219715379844 -0.3481417807532321 -0.5406561231872677 0.17845395110924933 -0.03503560628527769 
2348.0 -0.5732620124211922 -0.15291120602693375 -0.7270581247493293 -0.3023152388599828 -0.8821660913320204 
1692.0 -0.8890018511991016 -0.6060673931199647 -0.6501807089451965 0.9556829335607213 -0.5301292095925649 
4612.0 -0.20323402420532855 -0.2356947569269623 -0.744261883800448 -0.034104385020654826 -0.5622517520586443 
4972.0 -0.6657006917344219 -0.2356947569269623 -0.7659322762729603 -0.3160788125925107 -0.034107544832522985 
588.0 0.4192456054347826 -0.26788014825030304 -0.8428676629129603 0.07507911469925199 -0.8821660913320204 
2948.0 -0.9160738383767266 -0.10186921395796733 -0.744261883800448 0.36190674322117733 0.5200498137234113 
4624.0 -0.44256824131806694 -0.4244723815952063 -0.8248401626001454 -0.034104385020654826 -0.22560075102397414 
3856.0 -0.8775470058000223 0.49881501700235287 -0.8774776360814249 0.6936556476808216 -0.038327557184860694 
5032.0 -0.6657006917344219 -0.10186921395796733 -0.7659322762729603 -0.22883040997107273 -0.2863433074330921 
80.0 -0.19237404965012628 -0.15622721955067553 -0.6698652603077357 -0.6762851629991888 -0.17084025766209399 
512.0 0.32378995477733286 -0.3481417807532321 -0.6424565673087796 0.2767951297402673 -0.585166551398898 
752.0 -0.5732620124211922 -0.2779962310547113 -0.11257655316926662 0.07507911469925199 -0.17826514624733036 
24.0 0.9649680088673329 -0.10186921395796733 -0.9801117842452796 -0.0023675646797474137 -0.890078909190839 
3984.0 -0.9951492511299909 -0.3481417807532321 -0.9892966366692719 0.732617605983003 -0.2862352360350533 
8308.0 -0.304590643342711 -0.210212623318617 -0.5898398269711504 0.36190674322117733 -0.22560075102397414 
0.0 -0.6657006917344219 0.878161088678965 -0.6154415936072763 0.22315113808223086 -0.22560075102397414 
1440.0 -0.15449309775748832 -0.2779962310547113 -0.6424565673087796 -0.27419453047145814 -0.038327557184860694 
532.0 -0.9951492511299909 -0.210212623318617 0.002829752300585353 0.6936556476808216 0.2686108966107261 
3412.0 -0.9020877208424634 -0.2356947569269623 -0.8774776360814249 -0.3160788125925107 -0.5800376599071693 
2188.0 -0.991355538050255 0.022355970342804454 -0.6698652603077357 0.15890791851823605 -0.17446456422018053 
1612.0 -0.8212017390905149 0.3490445968089595 -0.6698652603077357 0.22315113808223086 -0.2862352360350533 
1648.0 -0.8212017390905149 0.3490445968089595 -0.6864946037175486 0.3570893238209407 -0.6435571117705683 
8.0 -0.8956732528233073 -0.2346327401024142 0.5152424963072171 0.7721191481642662 0.761555012710881 
492.0 -0.3300012957438927 -0.3481417807532321 -0.6424565673087796 -0.8096537146265519 -0.5622517520586443 
4836.0 -0.15116296200017532 -0.3868911866245113 -0.922010841865532 0.8454758937431983 -0.17446456422018053 
128.0 0.7084224184470074 -0.4244723815952063 -0.762919774159958 0.2767951297402673 -0.8106585869408458 
240.0 -0.6539545709237469 -0.41302856102350516 0.09440310754047676 0.5998999842357378 -0.8821660913320204 
8.0 -0.7901581711059429 0.9526470682402666 -0.8428676629129603 -0.1646662177187872 0.41909405143150313 
128.0 0.03873511602224888 -0.6995941671970698 -0.3202086016749577 0.5346942654370659 -0.038327557184860694 
2628.0 -0.6743193319010712 -0.14098415617463633 -0.5406561231872677 0.17382518473987063 -0.17446456422018053 
0.0 -0.8956732528233073 -0.6102767702182041 0.717635560828199 -0.23162219211962576 -0.22560075102397414 
16.0 -0.19237404965012628 -0.14153545808238066 0.5859546349332869 0.36190674322117733 -0.890078909190839 
56.0 -0.304590643342711 -0.2356947569269623 -0.4908361658310214 -0.035665679097553804 0.913554706424758 
156.0 0.7290303630292725 -0.15291120602693375 -0.8818389356315239 0.6936556476808216 -0.5301292095925649 
276.0 -0.15116296200017532 0.1675087723365194 -0.7472034337825015 -0.3160788125925107 -0.7157943912209164 
964.0 -0.9907373083289737 0.4075320495572812 -0.7309375578491646 0.8109383792942761 0.879681057143465 
7480.0 -0.44256824131806694 -0.08218060839425023 -0.8774776360814249 0.1958486498474068 -0.24472226380215334 
2916.0 -0.9020877208424634 -0.210212623318617 -0.8774776360814249 0.07993518367828134 -0.23232152225012004 
1248.0 -0.5229581592274608 -0.14153545808238066 -0.9801117842452796 -0.8832176207709195 -0.22560075102397414 
1024.0 -0.19237404965012628 -0.210212623318617 -0.3202086016749577 0.5346942654370659 0.2891288966878225 
2964.0 -0.8748419783763632 -0.10186921395796733 -0.6424565673087796 -0.034104385020654826 -0.7965698822912437 
3172.0 -0.9020877208424634 -0.05775731493385594 -0.744261883800448 0.5346942654370659 -0.038327557184860694 
2044.0 -0.2873420245339582 -0.6995941671970698 -0.8248401626001454 0.10959057055634713 -0.7732902704648483 
3060.0 -0.8775470058000223 -0.35195300184609035 -0.9208867704093393 0.17382518473987063 -0.3534800910137115 
2156.0 -0.15116296200017532 -0.6836844058843299 -0.9183751153620621 0.6272559031336491 -0.22560075102397414 
88.0 -0.36339975965198157 -0.6138780619217183 0.08541712347792041 0.5998999842357378 -0.7732902704648483 
1772.0 -0.1511671923898199 -0.03825837308840119 -0.6424565673087796 -0.03997956030589789 0.18051747698048093 
3440.0 -0.3300012957438927 -0.3481417807532321 -0.607063788648154 -0.27419453047145814 -0.038327557184860694 
3016.0 -0.9020877208424634 -0.2356947569269623 -0.7472034337825015 -0.16931289803488636 0.5200498137234113 
3064.0 -0.15116296200017532 -0.35195300184609035 -0.5640647143081656 0.4702732027614336 -0.2624103224663583 
9204.0 -0.19237404965012628 -0.10186921395796733 -0.9136128989949837 0.5346942654370659 -0.038327557184860694 
2008.0 -0.9020877208424634 -0.3481417807532321 -0.8397477989987849 0.07993518367828134 0.7345569660729769 
840.0 -0.36339975965198157 0.8007017579957227 -0.8428676629129603 0.2767951297402673 -0.8821660913320204 
776.0 -0.304590643342711 -0.034202228719284244 -0.4908361658310214 -0.6748233888218613 -0.8821660913320204 
1680.0 -0.6957290499595064 -0.4904336497441333 -0.6154415936072763 -0.27419453047145814 0.4461405488173351 
48.0 0.28060996070823885 -0.12960258299522454 -0.7309375578491646 -0.27419453047145814 -0.30823762894936557 
48.0 -0.967933405743892 0.6302647362592506 -0.9801117842452796 0.8692768230080983 0.2686108966107261 
9512.0 -0.19237404965012628 -0.20962760082486565 -0.8248401626001454 -0.11582655348707283 -0.17084025766209399 
388.0 0.3658528782537298 -0.41302856102350516 -0.9208867704093393 -0.034104385020654826 -0.7732902704648483 
1768.0 -0.9951492511299909 -0.8920650792833713 -0.996593513562984 -0.5550238196118993 -0.22560075102397414 
812.0 -0.3300012957438927 -0.14153545808238066 -0.5441540190804748 -0.11610960829436978 0.5102846409559094 
5172.0 -0.15449309775748832 -0.15622721955067553 -0.8774776360814249 0.07507911469925199 -0.5301292095925649 
1340.0 -0.8956732528233073 -0.46149607834077355 -0.4908361658310214 0.8109383792942761 0.879681057143465 
60.0 -0.3300012957438927 0.8496025164865244 -0.6501807089451965 0.8692768230080983 -0.038327557184860694 
116.0 -0.15116296200017532 0.03216137206980951 -0.49272798723652134 0.4702732027614336 0.4794311916689178 
2480.0 -0.6011787083290716 -0.26788014825030304 -0.8428676629129603 0.7721191481642662 0.0923527700810498 
64.0 0.41958536332061014 -0.09912535136063405 -0.6501807089451965 0.07993518367828134 -0.03503560628527769 
3416.0 -0.5732620124211922 -0.5876436231140776 -0.9801117842452796 0.5998999842357378 -0.034107544832522985 
0.0 0.8044205084804215 0.09421054909686077 -0.9208867704093393 -0.2726165361683386 0.761555012710881 
4656.0 -0.9517779487426219 -0.15291120602693375 -0.8818389356315239 0.977876076732966 -0.17446456422018053 
5996.0 -0.19237404965012628 -0.3481417807532321 -0.9801117842452796 0.33421244683206797 -0.03503560628527769 
3508.0 -0.23723527910141406 -0.210212623318617 -0.33816179693055526 0.5479293714692115 -0.038327557184860694 
0.0 -0.20634503624602996 0.3490445968089595 -0.3020808030212312 -0.11582655348707283 -0.2862352360350533 
148.0 -0.3300012957438927 0.1989876505153969 -0.8774776360814249 0.36190674322117733 0.17899766720510413 
1452.0 -0.19237404965012628 -0.10186921395796733 -0.9801117842452796 -0.46318555626499625 -0.9973797390383152 
7136.0 0.016746006617971432 -0.210212623318617 -0.8774776360814249 0.2039608689496808 -0.7292580201691581 
440.0 -0.860362954718296 0.440150723212722 -0.6154415936072763 -0.21162290243653192 -0.17826514624733036 
0.0 -0.26186219715379844 -0.14153545808238066 0.9653584101879356 0.2767951297402673 -0.03503560628527769 
2828.0 -0.5280427469875726 -0.26788014825030304 -0.7549827605099386 0.5998999842357378 -0.8821660913320204 
260.0 0.016746006617971432 -0.013621915420397812 -0.8774776360814249 -0.3160788125925107 -0.034107544832522985 
7356.0 -0.3575404984607744 -0.3481417807532321 -0.8397477989987849 0.2767951297402673 -0.038327557184860694 
14992.0 -0.1511671923898199 -0.03825837308840119 -0.8397477989987849 -0.03997956030589789 -0.038327557184860694 
1596.0 -0.26186219715379844 -0.2356947569269623 -0.9892966366692719 -0.3160788125925107 0.2193130449905445 
2776.0 -0.3300012957438927 -0.5796403902348646 -0.6501807089451965 0.17382518473987063 -0.038327557184860694 
3732.0 -0.36339975965198157 -0.26788014825030304 -0.9892966366692719 -0.47536595343902466 -0.17446456422018053 
5400.0 -0.1511671923898199 -0.08218060839425023 -0.744261883800448 -0.1646662177187872 -0.5720469423958678 
32.0 -0.5732620124211922 -0.10186921395796733 0.40380238952312175 0.9118465345985602 -0.378175715124641 
10528.0 -0.304590643342711 -0.14153545808238066 -0.4908361658310214 0.5346942654370659 -0.038327557184860694 
6748.0 -0.15116296200017532 -0.10186921395796733 -0.9801117842452796 -0.03180194306205175 -0.22560075102397414 
228.0 -0.11664134008875604 -0.3481417807532321 -0.8397477989987849 -0.7302760340873338 -0.8821660913320204 
52.0 -0.00868579533831726 0.08587136325591471 -0.44523339047807897 0.960735903494486 0.2135609877611302 
1020.0 -0.15116296200017532 -0.3481417807532321 -0.6154415936072763 -0.27419453047145814 -0.038327557184860694 
1748.0 -0.991355538050255 -0.3481417807532321 -0.5992824158562418 -0.27419453047145814 -0.8172085460040119 
1540.0 -0.5732620124211922 -0.6995941671970698 -0.6501807089451965 0.05647959542327152 -0.45250179794111256 
0.0 -0.15449309775748832 0.5898014940690144 -0.8428676629129603 -0.034104385020654826 0.41909405143150313 
8.0 -0.9063839789696391 -0.10328602654185826 0.7651405090713337 0.9556829335607213 -0.7732902704648483 
2532.0 -0.5229581592274608 -0.6270424361316143 -0.8248401626001454 -0.1646662177187872 -0.24472226380215334 
5712.0 -0.5229581592274608 -0.14153545808238066 -0.5441540190804748 -0.07787032699636098 -0.038327557184860694 
1876.0 -0.15116296200017532 -0.14098415617463633 -0.5406561231872677 -0.2136716951435067 -0.5439362264915766 
6712.0 -0.31819242322925145 -0.10186921395796733 -0.9801117842452796 0.5578295717718555 -0.3945414914878247 
2188.0 -0.6195687249659521 -0.26788014825030304 -0.607063788648154 0.5998999842357378 -0.05086374717817921 
1064.0 -0.3300012957438927 -0.3481417807532321 -0.8397477989987849 0.17382518473987063 0.4790423290012158 
112.0 0.5508726037112448 -0.29964294535376834 -0.6424565673087796 0.07507911469925199 -0.2100267281433017 
3440.0 -0.6341498706188129 -0.2346327401024142 -0.6698652603077357 0.4702732027614336 -0.7819648163344 
172.0 -0.304590643342711 -0.5571656082869243 -0.744261883800448 -0.6644190922494184 0.5200498137234113 
3544.0 -0.15116296200017532 -0.10328602654185826 -0.6154415936072763 0.36190674322117733 -0.890078909190839 
3968.0 -0.2502432302638118 -0.2779962310547113 -0.6154415936072763 0.4702732027614336 -0.585166551398898 
1824.0 -0.9020877208424634 -0.14153545808238066 -0.6424565673087796 -0.7070889361730801 -0.7732902704648483 
76.0 -0.19237404965012628 -0.3481417807532321 -0.8397477989987849 -0.9853429610307023 -0.8821660913320204 
4016.0 -0.9020877208424634 -0.09912535136063405 -0.9837962795418382 0.3570893238209407 -0.7732902704648483 
3316.0 -0.19237404965012628 -0.10186921395796733 -0.5441540190804748 0.5437835911551752 -0.6180995978508357 
0.0 0.016746006617971432 -0.6102767702182041 0.8942819949850167 0.6936556476808216 -0.7819648163344 
504.0 -0.8890018511991016 -0.6060673931199647 -0.08572817188393644 -0.27419453047145814 -0.038327557184860694 
7564.0 -0.26186219715379844 -0.3481417807532321 -0.9892966366692719 0.9118465345985602 -0.8726986680805293 
5456.0 -0.3300012957438927 -0.17207214232052115 -0.8397477989987849 0.19998685627041723 0.2686108966107261 
1788.0 -0.9020877208424634 0.494404288151431 -0.744261883800448 0.07993518367828134 -0.7732902704648483 
3476.0 -0.6011787083290716 -0.10328602654185826 -0.7309375578491646 0.05188356180537168 -0.30823762894936557 
5568.0 -0.44256824131806694 -0.4840543499195744 -0.8248401626001454 -0.1646662177187872 -0.5800376599071693 
764.0 -0.21261806057756205 -0.8390069014630293 -0.9367808684446559 0.17382518473987063 0.07751191810268598 
3280.0 0.016746006617971432 -0.6102767702182041 -0.8774776360814249 0.6936556476808216 -0.7372723032753603 
404.0 -0.19237404965012628 -0.8536985773044199 -0.5441540190804748 0.4702732027614336 -0.17084025766209399 
4080.0 0.13438338376846248 -0.2356947569269623 -0.8774776360814249 0.3570893238209407 -0.6435571117705683 
88.0 -0.7901581711059429 -0.10186921395796733 0.20060849150255033 -0.27419453047145814 -0.6730500298638884 
8.0 -0.3300012957438927 -0.09912535136063405 0.4875534425164585 0.36190674322117733 -0.038327557184860694 
1180.0 -0.5229581592274608 -0.85323704891069 -0.6698652603077357 0.22315113808223086 -0.07163196375227354 
24.0 -0.15116296200017532 -0.08218060839425023 0.024192191261771967 -0.1646662177187872 -0.038327557184860694 
952.0 -0.3300012957438927 -0.4244723815952063 -0.16045972025884558 0.36190674322117733 -0.7292580201691581 
11604.0 -0.26186219715379844 -0.15291120602693375 -0.7270581247493293 -0.1447033977742742 -0.17826514624733036 
32.0 0.016746006617971432 -0.3481417807532321 0.12570707210042675 0.9118465345985602 -0.378175715124641 
2776.0 -0.8212017390905149 -0.27072930009386953 -0.8248401626001454 0.22315113808223086 -0.07163196375227354 
8.0 -0.3300012957438927 -0.35195300184609035 0.5455745133316698 0.2767951297402673 -0.03503560628527769 
14668.0 -0.5394106666352072 -0.14153545808238066 -0.9837962795418382 0.3570893238209407 -0.22560075102397414 
828.0 0.24214716189537366 -0.2356947569269623 -0.9208867704093393 0.07993518367828134 -0.22560075102397414 
3256.0 -0.304590643342711 -0.15622721955067553 -0.6034022400424595 0.9572135396686303 -0.07163196375227354 
96.0 0.9343271701280131 -0.210212623318617 -0.8050621614470646 0.2767951297402673 -0.5800376599071693 
0.0 -0.39098945680360075 0.3490445968089595 -0.8050621614470646 0.2767951297402673 0.8497985653291935 
56.0 0.1894293461940566 -0.10328602654185826 -0.8428676629129603 0.9572135396686303 0.30875931785764643 
3168.0 -0.5732620124211922 -0.10186921395796733 -0.5706613826017586 0.2767951297402673 0.2135609877611302 
48.0 0.9455260567315884 -0.7125508191460586 -0.9801117842452796 -0.4916720719674956 -0.7965698822912437 
5928.0 -0.6005964878528731 -0.35195300184609035 -0.8248401626001454 -0.11582655348707283 -0.03503560628527769 
1328.0 -0.44256824131806694 -0.4244723815952063 -0.4908361658310214 -0.19273455340133272 -0.7292580201691581 
2328.0 -0.860362954718296 -0.14098415617463633 -0.8818389356315239 -0.2201068416543519 0.6245097762882692 
9724.0 -0.47461976499364966 -0.10186921395796733 -0.9801117842452796 -0.3160788125925107 -0.7732902704648483 
1556.0 -0.5732620124211922 -0.3481417807532321 -0.9208867704093393 0.9118465345985602 0.9347539057424414 
6120.0 -0.19237404965012628 -0.29964294535376834 -0.9801117842452796 0.9042035631608947 -0.7732902704648483 
3500.0 -0.8025060029041351 -0.210212623318617 -0.5441540190804748 -0.2370075249369512 0.6245097762882692 
672.0 -0.19237404965012628 -0.9217394803613634 -0.5441540190804748 0.36190674322117733 -0.8821660913320204 
4960.0 -0.7375300881155655 -0.15622721955067553 -0.6698652603077357 -0.3023152388599828 -0.038327557184860694 
4040.0 -0.21261806057756205 -0.10186921395796733 -0.6154415936072763 -0.21162290243653192 -0.7732902704648483 
5800.0 0.016746006617971432 -0.28574010406734174 -0.9801117842452796 0.6936556476808216 -0.7732902704648483 
3252.0 -0.7901581711059429 -0.15291120602693375 -0.7270581247493293 -0.27419453047145814 -0.36923744096861655 
2336.0 -0.15449309775748832 -0.14153545808238066 -0.6424565673087796 -0.23162219211962576 -0.585166551398898 
2500.0 -0.9542251869127778 -0.41302856102350516 -0.6891378151143095 0.8692768230080983 -0.2624103224663583 
112.0 -0.15449309775748832 0.08587136325591471 -0.6424565673087796 -0.9310728946663924 -0.3945414914878247 
4112.0 -0.15449309775748832 0.18688610580043985 -0.8991411475623834 0.36190674322117733 -0.890078909190839 
2372.0 -0.5732620124211922 -0.10186921395796733 -0.40201341054802797 0.9556829335607213 -0.7732902704648483 
2036.0 -0.8775470058000223 -0.15622721955067553 -0.8774776360814249 0.5298100995435824 -0.038327557184860694 
88.0 -0.3300012957438927 -0.15622721955067553 0.21400774234968623 0.6936556476808216 -0.5301292095925649 
1968.0 -0.19237404965012628 -0.3146390379593127 -0.5441540190804748 -0.27419453047145814 -0.17084025766209399 
2624.0 -0.8212017390905149 -0.3481417807532321 -0.8397477989987849 -0.27419453047145814 -0.9916316004483297 
1988.0 -0.5526908124688217 -0.41302856102350516 -0.4908361658310214 -0.3160788125925107 0.30875931785764643 
3040.0 -0.8775470058000223 -0.2356947569269623 -0.607063788648154 0.07993518367828134 -0.038327557184860694 
3908.0 -0.5732620124211922 -0.10328602654185826 -0.8248401626001454 -0.11582655348707283 -0.7732902704648483 
3780.0 -0.36339975965198157 -0.09912535136063405 -0.9801117842452796 0.5998999842357378 -0.8821660913320204 
4944.0 -0.19237404965012628 -0.20962760082486565 -0.5441540190804748 0.6936556476808216 -0.5301292095925649 
4588.0 -0.5732620124211922 -0.3868911866245113 -0.7270581247493293 0.977876076732966 -0.17826514624733036 
548.0 -0.31819242322925145 0.20967592325191853 -0.7856322093600039 0.7721191481642662 0.008229452961734385 
5628.0 -0.19237404965012628 -0.10186921395796733 -0.6154415936072763 -0.0023675646797474137 -0.22560075102397414 
176.0 -0.9020877208424634 0.18688610580043985 -0.744261883800448 -0.7612726018777027 0.5200498137234113 
1968.0 -0.9951492511299909 -0.07136314802893584 -0.6638017741307605 0.732617605983003 0.3413476210650399 
8.0 -0.3300012957438927 -0.210212623318617 0.6609672257449188 -0.25874855377273964 -0.3534800910137115 
1760.0 -0.7901581711059429 -0.7593688498275761 -0.8428676629129603 -0.27419453047145814 -0.7157943912209164 
3544.0 -0.5732620124211922 -0.210212623318617 -0.5441540190804748 -0.22883040997107273 -0.038327557184860694 
3864.0 -0.5732620124211922 -0.3481417807532321 -0.6034022400424595 0.9118465345985602 -0.06245464878360485 
56.0 0.016746006617971432 -0.15622721955067553 -0.9801117842452796 -0.9490141725913614 -0.5301292095925649 
2800.0 -0.5605665920829308 0.18329843378537536 -0.744261883800448 0.7721191481642662 -0.2100267281433017 
3020.0 -0.860362954718296 -0.6438600308530247 -0.9208867704093393 -0.23162219211962576 -0.3534800910137115 
2832.0 -0.9951492511299909 -0.26788014825030304 -0.7472034337825015 0.22315113808223086 0.2686108966107261 
2608.0 -0.304590643342711 -0.14153545808238066 -0.7659322762729603 -0.5686167485673161 -0.2863433074330921 
1224.0 -0.1511671923898199 0.18329843378537536 -0.744261883800448 0.7721191481642662 -0.2870646710232925 
1036.0 -0.8212017390905149 0.3490445968089595 -0.5992824158562418 0.17382518473987063 -0.17446456422018053 
3136.0 -0.6758487271208047 -0.2346327401024142 -0.9801117842452796 0.8109383792942761 -0.7732902704648483 
4672.0 -0.3300012957438927 -0.14153545808238066 -0.8397477989987849 0.26352411719954283 -0.038327557184860694 
28.0 -0.26186219715379844 0.7878849165745565 -0.8248401626001454 0.2767951297402673 -0.24472226380215334 
120.0 -0.44256824131806694 -0.08218060839425023 -0.8248401626001454 -0.8579956978607364 0.41909405143150313 
2428.0 -0.44256824131806694 -0.6102767702182041 -0.8248401626001454 0.22600419866558497 -0.7819648163344 
1636.0 -0.3300012957438927 -0.35195300184609035 -0.607063788648154 -0.3927243518867791 -0.8202627118071322 
2856.0 -0.8260952793840155 0.12306389443489252 -0.9208867704093393 0.3570893238209407 -0.6870462380792983 
10000.0 -0.2355153798886671 -0.3481417807532321 -0.996593513562984 0.2767951297402673 -0.22560075102397414 
4768.0 -0.5732620124211922 -0.005324597252710728 -0.9801117842452796 -0.5004830618950291 -0.6730500298638884 
296.0 -0.15116296200017532 -0.14153545808238066 -0.6154415936072763 0.5346942654370659 0.4765800264271409 
6708.0 -0.19237404965012628 -0.12960258299522454 -0.7309375578491646 0.7721191481642662 -0.890078909190839 
728.0 -0.304590643342711 -0.14153545808238066 -0.744261883800448 0.7263281027630226 0.5200498137234113 
364.0 -0.26186219715379844 -0.3481417807532321 -0.9208867704093393 -0.7470439812334924 -0.03503560628527769 
0.0 -0.75107618737312 -0.22617803866517994 0.7500637655700559 0.7375996755087266 -0.12764550921705697 
924.0 -0.9951492511299909 -0.8920650792833713 -0.7472034337825015 0.732617605983003 0.9806366590510183 
1460.0 -0.9063839789696391 -0.22945036009149056 -0.5406561231872677 -0.6634838913701604 -0.9019105043318545 
6548.0 -0.6011787083290716 -0.3481417807532321 -0.7309375578491646 0.2767951297402673 -0.30823762894936557 
2520.0 -0.3672132370040855 -0.210212623318617 -0.6034022400424595 0.9572135396686303 -0.22560075102397414 
3272.0 -0.12881924412198664 -0.3481417807532321 -0.44523339047807897 0.960735903494486 -0.3945414914878247 
224.0 -0.19237404965012628 0.08587136325591471 -0.6424565673087796 0.36190674322117733 0.12073361906448943 
3800.0 -0.44256824131806694 -0.2779962310547113 -0.6424565673087796 0.8410445965705224 -0.24472226380215334 
588.0 -0.746610885230071 0.10804717192524116 -0.9801117842452796 -0.22883040997107273 0.8301426735829609 
2916.0 -0.21261806057756205 -0.14153545808238066 -0.6154415936072763 -0.0023675646797474137 -0.7019515557270419 
2244.0 -0.5732620124211922 -0.10328602654185826 -0.3202086016749577 0.5346942654370659 -0.7732902704648483 
224.0 -0.26186219715379844 -0.3481417807532321 -0.9892966366692719 -0.8546667648322837 -0.22560075102397414 
32.0 -0.8775470058000223 -0.10186921395796733 0.4863380071694068 0.36190674322117733 -0.038327557184860694 
3132.0 -0.6011787083290716 -0.4031069287596267 -0.8774776360814249 0.6936556476808216 -0.5301292095925649 
3692.0 -0.991355538050255 -0.6972854797920076 -0.8397477989987849 -0.27419453047145814 -0.038327557184860694 
32.0 -0.304590643342711 0.8568236582801791 -0.4908361658310214 -0.2710828906066194 -0.22560075102397414 
4060.0 -0.29126346975572837 -0.14153545808238066 -0.6154415936072763 -0.035665679097553804 -0.22560075102397414 
8344.0 -0.5282774873855016 -0.10328602654185826 -0.9744593284951444 -0.11582655348707283 -0.5439362264915766 
0.0 -0.09344375600030119 0.6507087472509867 -0.8397477989987849 0.3057732038095917 -0.038327557184860694 
144.0 -0.15449309775748832 -0.20962760082486565 -0.5441540190804748 -0.5022417119539582 -0.17084025766209399 
5460.0 -0.5282774873855016 -0.26373893168418516 -0.9892966366692719 -0.035665679097553804 -0.22560075102397414 
3788.0 -0.75107618737312 -0.41302856102350516 -0.9801117842452796 0.5998999842357378 -0.8821660913320204 
2860.0 -0.5229581592274608 -0.3251294826615694 -0.8248401626001454 -0.1646662177187872 -0.9471315777269347 
80.0 -0.44256824131806694 -0.2356947569269623 -0.4908361658310214 -0.9851352714634776 -0.034107544832522985 
3728.0 -0.7901581711059429 -0.22617803866517994 -0.6154415936072763 0.535559542519811 -0.8821660913320204 
6272.0 -0.34974306931348087 -0.10186921395796733 -0.7659322762729603 -0.3160788125925107 -0.2863433074330921 
2112.0 -0.6539545709237469 -0.41302856102350516 -0.9208867704093393 -0.9279895983575308 -0.5301292095925649 
7672.0 -0.3112246042602318 -0.14098415617463633 -0.9801117842452796 0.9118465345985602 -0.498430994065139 
3388.0 0.01056507778225857 0.03978025593260992 -0.5441540190804748 0.5437835911551752 -0.2863433074330921 
9452.0 -0.19237404965012628 -0.14153545808238066 -0.6154415936072763 -0.0023675646797474137 -0.17084025766209399 
3636.0 -0.36339975965198157 -0.26788014825030304 -0.7472034337825015 0.5998999842357378 -0.3713569110924446 
2360.0 -0.6011787083290716 -0.15622721955067553 -0.8774776360814249 0.7721191481642662 -0.6529543878000896 
7368.0 -0.15449309775748832 -0.14153545808238066 -0.8248401626001454 -0.11582655348707283 -0.5439362264915766 
2424.0 -0.5229581592274608 0.0067811596012385955 -0.7659322762729603 -0.3160788125925107 -0.7157943912209164 
2036.0 -0.9020877208424634 -0.15622721955067553 -0.8774776360814249 -0.3160788125925107 -0.5301292095925649 
8.0 -0.75107618737312 -0.41302856102350516 0.649807236582091 -0.25874855377273964 -0.24472226380215334 
2516.0 -0.19237404965012628 -0.20962760082486565 -0.2443019333191696 0.07993518367828134 -0.17084025766209399 
3988.0 -0.5732620124211922 -0.10186921395796733 -0.9801117842452796 -0.22883040997107273 0.24235315201941154 
1404.0 -0.15116296200017532 -0.8299608379791359 -0.9541127923421755 0.7721191481642662 -0.038327557184860694 
5076.0 -0.5282774873855016 -0.3481417807532321 -0.9892966366692719 0.5998999842357378 -0.8821660913320204 
1036.0 -0.5732620124211922 0.4847631065569651 -0.9892966366692719 0.9556829335607213 -0.03503560628527769 
12860.0 -0.304590643342711 -0.14153545808238066 -0.7270581247493293 -0.23162219211962576 -0.17826514624733036 
1232.0 -0.3300012957438927 -0.35195300184609035 -0.8397477989987849 -0.5471589684633396 -0.038327557184860694 
8376.0 -0.15116296200017532 -0.10328602654185826 -0.9367808684446559 0.17382518473987063 -0.038327557184860694 
3824.0 -0.36339975965198157 -0.3129601474287331 -0.5992824158562418 0.17382518473987063 -0.17446456422018053 
6240.0 -0.21261806057756205 -0.10186921395796733 -0.7270581247493293 0.9556829335607213 -0.7732902704648483 
1360.0 -0.26186219715379844 -0.35952844373653625 -0.9102008717876808 -0.034032622546709135 0.32515770582315273 
208.0 -0.3300012957438927 -0.10186921395796733 -0.9801117842452796 -0.8375563229642449 -0.03503560628527769 
3500.0 -0.9020877208424634 -0.2356947569269623 -0.744261883800448 0.07993518367828134 -0.7732902704648483 
380.0 -0.09344375600030119 -0.35195300184609035 -0.3020808030212312 -0.19593717262707022 -0.038327557184860694 
5244.0 -0.36339975965198157 -0.26788014825030304 -0.6698652603077357 0.5998999842357378 -0.5301292095925649 
0.0 0.016746006617971432 -0.034202228719284244 0.3956646067802141 0.6936556476808216 -0.8821660913320204 
7920.0 -0.3300012957438927 -0.2356947569269623 -0.8397477989987849 0.7166457277654452 -0.038327557184860694 
3376.0 -0.991355538050255 -0.005324597252710728 -0.1553208121451286 0.36190674322117733 -0.17446456422018053 
5184.0 0.016746006617971432 -0.15622721955067553 -0.6154415936072763 0.22315113808223086 -0.22560075102397414 
1912.0 -0.19237404965012628 -0.3481417807532321 -0.8397477989987849 -0.27419453047145814 -0.9451713310969869 
224.0 -0.9446050737870224 0.18688610580043985 0.06695777404489722 -0.03997956030589789 -0.7157943912209164 
8.0 -0.39098945680360075 -0.210212623318617 0.44105860377191863 0.2767951297402673 -0.5800376599071693 
1960.0 -0.9542251869127778 -0.5505294458242311 -0.9208867704093393 0.7721191481642662 -0.8202627118071322 
5896.0 -0.15116296200017532 -0.35195300184609035 -0.8428676629129603 -0.11582655348707283 -0.5439362264915766 
1488.0 -0.3300012957438927 0.18688610580043985 -0.34988941224207903 0.36190674322117733 -0.038327557184860694 
2500.0 -0.8956732528233073 0.2421333964902488 -0.9208867704093393 0.4702732027614336 -0.22560075102397414 
1140.0 0.21596319640153072 -0.3868911866245113 -0.6424565673087796 0.977876076732966 -0.585166551398898 
9568.0 -0.8775470058000223 -0.15622721955067553 -0.9367808684446559 0.6936556476808216 -0.038327557184860694 
3188.0 -0.1594836183974493 -0.06361255952081302 -0.5441540190804748 0.36190674322117733 -0.7157943912209164 
1708.0 -0.304590643342711 -0.14153545808238066 -0.6424565673087796 -0.5751280991917109 -0.585166551398898 
4156.0 -0.19237404965012628 -0.08218060839425023 -0.8248401626001454 0.36190674322117733 -0.890078909190839 
2460.0 -0.3300012957438927 -0.17207214232052115 -0.5630213303685383 0.36190674322117733 0.2686108966107261 
8.0 -0.44256824131806694 -0.10186921395796733 0.25502020094476063 -0.1646662177187872 -0.6730500298638884 
3700.0 -0.15116296200017532 -0.10328602654185826 -0.6154415936072763 0.9556829335607213 -0.6642142780000593 
5464.0 -0.8212017390905149 -0.10186921395796733 -0.8248401626001454 -0.11582655348707283 -0.07526383806968617 
3384.0 -0.5935380133290957 -0.14153545808238066 -0.6154415936072763 0.5998999842357378 -0.22560075102397414 
0.0 0.016746006617971432 0.9207811909919652 -0.44523339047807897 0.6936556476808216 -0.3945414914878247 
2472.0 -0.6256429881285634 0.08587136325591471 -0.6424565673087796 0.7721191481642662 -0.5439362264915766 
96.0 -0.15449309775748832 0.30747301838421315 -0.6424565673087796 -0.034104385020654826 -0.22560075102397414 
0.0 -0.15449309775748832 0.9913533724396348 -0.6424565673087796 -0.1646662177187872 -0.24472226380215334 
1800.0 -0.75107618737312 0.08587136325591471 -0.44523339047807897 0.960735903494486 -0.009066340221788316 
8.0 -0.31819242322925145 0.3490445968089595 -0.8248401626001454 -0.40084180697966554 -0.3945414914878247 
7028.0 -0.3300012957438927 -0.41302856102350516 -0.9208867704093393 0.36190674322117733 -0.3534800910137115 
1880.0 -0.12997667776693222 -0.20962760082486565 -0.5441540190804748 0.36190674322117733 -0.8821660913320204 
752.0 -0.15449309775748832 0.09421054909686077 -0.6424565673087796 0.07507911469925199 -0.08054657649618191 
256.0 0.016746006617971432 -0.15622721955067553 -0.8774776360814249 0.36190674322117733 0.10210167758502453 
2108.0 -0.8373033464610988 0.08587136325591471 -0.9892966366692719 0.960735903494486 -0.3945414914878247 
484.0 -0.5282774873855016 -0.3481417807532321 -0.1921939016149301 -0.2769205814917066 -0.378175715124641 
1992.0 -0.9542251869127778 -0.8554726236789338 -0.9208867704093393 -0.034104385020654826 -0.03503560628527769 
1128.0 -0.31819242322925145 0.08587136325591471 -0.9801117842452796 0.9118465345985602 -0.27093677775975933 
2384.0 -0.6123562419273181 0.03216137206980951 -0.6154415936072763 -0.06502851304690371 -0.22560075102397414 
1476.0 -0.39098945680360075 -0.14153545808238066 -0.996593513562984 0.2767951297402673 0.2662690500730702 
536.0 0.27199031134494844 -0.35195300184609035 -0.9892966366692719 0.2767951297402673 -0.03503560628527769 
4728.0 -0.5229581592274608 -0.06361255952081302 -0.7472034337825015 0.8443244619521342 -0.890078909190839 
1228.0 -0.9951492511299909 -0.3481417807532321 -0.33816179693055526 0.4963991716541276 -0.6221778815996095 
360.0 -0.3300012957438927 -0.210212623318617 -0.6698652603077357 0.22315113808223086 0.897241855662166 
128.0 0.2324177720462559 -0.10186921395796733 -0.9801117842452796 -0.22883040997107273 -0.03503560628527769 
76.0 0.3679704156441188 -0.08218060839425023 -0.8248401626001454 -0.11582655348707283 -0.2862352360350533 
1508.0 -0.3300012957438927 -0.5571656082869243 -0.5441540190804748 0.36190674322117733 -0.22560075102397414 
7100.0 0.08089538351678716 -0.10186921395796733 -0.9801117842452796 0.5998999842357378 -0.8821660913320204 
2264.0 -0.15449309775748832 -0.14153545808238066 -0.3290181532218881 0.07507911469925199 -0.585166551398898 
392.0 -0.7901581711059429 0.46439050610141686 -0.4908361658310214 -0.035665679097553804 -0.22560075102397414 
3296.0 -0.8748419783763632 -0.3481417807532321 -0.8397477989987849 0.9556528506717232 -0.7965698822912437 
72.0 -0.15116296200017532 -0.10328602654185826 0.06996656718172867 0.3057732038095917 0.07751191810268598 
3788.0 0.016746006617971432 -0.10328602654185826 -0.3202086016749577 0.6936556476808216 -0.5800376599071693 
2480.0 -0.5282774873855016 -0.3481417807532321 -0.5441540190804748 0.36190674322117733 -0.30695839321401386 
96.0 0.5469903067374011 -0.210212623318617 -0.9801117842452796 0.07993518367828134 -0.7732902704648483 
368.0 -0.9020877208424634 0.7241645282016296 -0.8050621614470646 -0.3160788125925107 -0.03503560628527769 
96.0 0.2072454166982618 -0.17207214232052115 -0.9892966366692719 -0.2710828906066194 -0.03503560628527769 
2012.0 -0.8748419783763632 -0.4538117054417947 -0.7309375578491646 0.7721191481642662 -0.30823762894936557 
512.0 -0.1511671923898199 -0.20962760082486565 -0.07710436319737113 -0.03997956030589789 -0.17084025766209399 
120.0 -0.3300012957438927 -0.35195300184609035 -0.8397477989987849 -0.27419453047145814 0.9808567456457129 
3748.0 -0.9951492511299909 -0.14153545808238066 -0.996593513562984 0.10022715824224515 0.2686108966107261 
2588.0 -0.7901581711059429 -0.35195300184609035 -0.744261883800448 -0.03997956030589789 -0.9615694534156769 
5548.0 -0.3300012957438927 -0.210212623318617 -0.5441540190804748 0.5346942654370659 -0.038327557184860694 
0.0 -0.3300012957438927 -0.35195300184609035 0.4677504886329129 -0.11582655348707283 -0.5439362264915766 
6828.0 -0.304590643342711 -0.14153545808238066 -0.996593513562984 0.07993518367828134 -0.7732902704648483 
32.0 0.47642618122634484 -0.35195300184609035 -0.9367808684446559 0.17382518473987063 0.41909405143150313 
5088.0 -0.41145271119826754 -0.07136314802893584 -0.6424565673087796 0.17382518473987063 -0.5622517520586443 
448.0 -0.9951492511299909 0.6917764030845246 -0.9892966366692719 0.5346942654370659 0.2686108966107261 
3700.0 -0.9542251869127778 -0.23205357675122285 -0.4908361658310214 -0.25874855377273964 -0.034107544832522985 
432.0 0.40753661989340073 -0.2356947569269623 -0.9837962795418382 0.07993518367828134 -0.6435571117705683 
1252.0 -0.15449309775748832 -0.5953431406388521 -0.8248401626001454 -0.1646662177187872 -0.5622517520586443 
1960.0 -0.19237404965012628 -0.3481417807532321 -0.5441540190804748 0.2767951297402673 -0.7655098761592456 
3332.0 -0.5732620124211922 0.10970443192590018 -0.7270581247493293 0.2767951297402673 -0.17826514624733036 
2056.0 -0.8775470058000223 -0.35195300184609035 -0.5406561231872677 -0.8130752728872785 -0.038327557184860694 
1772.0 -0.7901581711059429 -0.14098415617463633 -0.5406561231872677 -0.27419453047145814 -0.6040615174164659 
4096.0 -0.19237404965012628 -0.034202228719284244 -0.7472034337825015 -0.3160788125925107 -0.8821660913320204 
836.0 -0.3300012957438927 -0.6995941671970698 -0.9801117842452796 -0.27419453047145814 -0.038327557184860694 
2468.0 0.07522159324037236 -0.10186921395796733 -0.8774776360814249 0.9556829335607213 -0.5301292095925649 
1916.0 -0.8225371256580445 0.8604095997487866 -0.9541127923421755 0.7721191481642662 -0.22560075102397414 
0.0 -0.9020877208424634 -0.15622721955067553 0.48310688368952026 0.22315113808223086 -0.7732902704648483 
0.0 -0.3300012957438927 0.9875804802023866 -0.8248401626001454 -0.11582655348707283 -0.038327557184860694 
1320.0 -0.9542251869127778 -0.41302856102350516 -0.3089573492681845 -0.034104385020654826 -0.22560075102397414 
5704.0 -0.8775470058000223 -0.35195300184609035 -0.9367808684446559 -0.1646662177187872 0.5112810000142329 
1592.0 -0.15449309775748832 0.15747830941902596 -0.6424565673087796 -0.0023675646797474137 -0.2100267281433017 
7184.0 -0.6539545709237469 -0.41302856102350516 -0.9208867704093393 -0.3412812724054921 -0.038327557184860694 
0.0 -0.44256824131806694 -0.4244723815952063 0.6654180631632958 0.7721191481642662 -0.30823762894936557 
2876.0 -0.304590643342711 -0.14153545808238066 -0.4908361658310214 0.10650507286946942 -0.9471315777269347 
696.0 0.30096945076265325 -0.15291120602693375 -0.4908361658310214 0.259164627726169 -0.6435571117705683 
2304.0 -0.8979776985069545 -0.03825837308840119 -0.3202086016749577 0.5346942654370659 -0.7157943912209164 
3732.0 -0.19237404965012628 -0.3481417807532321 -0.8397477989987849 0.5327148195453968 -0.17084025766209399 
1668.0 -0.7009258067340027 -0.2346327401024142 -0.6263599151976775 0.8109383792942761 0.4204326444503794 
8.0 -0.6657006917344219 -0.2356947569269623 0.4664423808773712 -0.3160788125925107 -0.038327557184860694 
52.0 0.7415019478265719 -0.3481417807532321 -0.9892966366692719 -0.17082751850083455 -0.6435571117705683 
0.0 0.09530655820889011 0.18688610580043985 -0.9801117842452796 -0.2769205814917066 -0.7965698822912437 
0.0 0.10186568553903275 -0.2346327401024142 -0.4908361658310214 -0.035665679097553804 0.761555012710881 
5524.0 -0.5732620124211922 -0.15291120602693375 -0.9760087811005067 0.15654283798556468 -0.5301292095925649 
2996.0 -0.5732620124211922 -0.10186921395796733 -0.6154415936072763 0.22315113808223086 0.22018632190491028 
1256.0 -0.39553560009550726 -0.35952844373653625 -0.2751780928603975 0.9022361537833632 0.32515770582315273 
1640.0 -0.15116296200017532 -0.10328602654185826 -0.7472034337825015 -0.3160788125925107 -0.7157943912209164 
6920.0 0.016746006617971432 -0.3481417807532321 -0.9892966366692719 0.6054534566358438 -0.5301292095925649 
560.0 -0.304590643342711 -0.03825837308840119 -0.744261883800448 -0.6639530456727956 -0.22560075102397414 
7088.0 -0.3300012957438927 -0.210212623318617 -0.607063788648154 0.36190674322117733 -0.3951982404459333 
1196.0 0.016746006617971432 -0.210212623318617 -0.9386030358049691 0.36190674322117733 -0.038327557184860694 
2716.0 -0.1568865738879992 0.08587136325591471 -0.9801117842452796 0.07993518367828134 -0.3945414914878247 
7072.0 -0.6011787083290716 -0.15291120602693375 -0.7309375578491646 0.5166061621036215 -0.17826514624733036 
6336.0 -0.19237404965012628 -0.10186921395796733 -0.6075946746423897 0.36190674322117733 -0.5622517520586443 
4204.0 -0.8260952793840155 -0.2356947569269623 -0.8248401626001454 0.2039608689496808 -0.6435571117705683 
0.0 -0.5732620124211922 0.03978025593260992 0.5815525819344545 -0.3160788125925107 -0.2863433074330921 
6608.0 -0.19237404965012628 -0.2346327401024142 -0.5441540190804748 0.8526813082561471 -0.17084025766209399 
6780.0 -0.3300012957438927 -0.20962760082486565 -0.5441540190804748 0.9388457142011604 -0.038327557184860694 
2240.0 -0.5782536227496666 -0.35195300184609035 -0.7472034337825015 0.8692768230080983 -0.7157943912209164 
5592.0 -0.36339975965198157 -0.2779962310547113 -0.8428676629129603 0.5998999842357378 -0.33204935543898917 
5936.0 -0.9063839789696391 -0.15622721955067553 -0.8340245797135479 -0.0023675646797474137 -0.5301292095925649 
5908.0 -0.3300012957438927 -0.3481417807532321 -0.8397477989987849 -0.009931175451204588 -0.22560075102397414 
1516.0 -0.5732620124211922 -0.7216151016229881 -0.7270581247493293 0.9118465345985602 -0.7732902704648483 
4216.0 -0.9951492511299909 -0.10186921395796733 -0.9892966366692719 -0.9659814364056172 -0.6730500298638884 
2148.0 -0.15449309775748832 -0.10186921395796733 -0.5704478734688623 -0.2769205814917066 -0.5622517520586443 
1048.0 -0.5732620124211922 -0.15291120602693375 -0.7270581247493293 0.5998999842357378 0.9120891094025989 
2492.0 -0.3022685742323101 -0.35195300184609035 -0.6501807089451965 -0.3160788125925107 -0.03503560628527769 
644.0 -0.056315511402726504 -0.10328602654185826 -0.8428676629129603 -0.27419453047145814 -0.22560075102397414 
8284.0 -0.304590643342711 -0.14153545808238066 -0.9179218089818488 0.17382518473987063 -0.038327557184860694 
6412.0 -0.19237404965012628 -0.10186921395796733 -0.8428676629129603 -0.0018745594201574622 -0.8821660913320204 
1048.0 -0.9907373083289737 -0.6308637695803319 -0.6154415936072763 -0.9279895983575308 -0.22560075102397414 
120.0 -0.75107618737312 -0.15622721955067553 0.20849722393047077 -0.3023152388599828 -0.22560075102397414 
168.0 -0.304590643342711 -0.14153545808238066 0.09418588550315543 0.9556829335607213 -0.7732902704648483 
0.0 -0.8212017390905149 0.6900101009206059 -0.9367808684446559 -0.11582655348707283 -0.038327557184860694 
8.0 -0.7901581711059429 -0.4244723815952063 0.2948043131311828 -0.27419453047145814 0.41909405143150313 
8036.0 -0.19237404965012628 -0.10186921395796733 -0.6424565673087796 0.36190674322117733 -0.585166551398898 
1160.0 -0.15116296200017532 -0.6829266157566689 -0.9801117842452796 -0.03180194306205175 -0.22560075102397414 
548.0 -0.36339975965198157 0.8629364156857797 -0.8428676629129603 0.5998999842357378 -0.8821660913320204 
16.0 -0.6539545709237469 -0.41302856102350516 0.6292549301428971 0.10959057055634713 -0.3534800910137115 
220.0 -0.304590643342711 -0.5842135982528669 -0.6154415936072763 -0.035665679097553804 0.4461405488173351 
6308.0 -0.39098945680360075 -0.15622721955067553 -0.6698652603077357 0.06869627946050061 -0.07163196375227354 
8284.0 -0.35156913296535186 -0.10328602654185826 -0.996593513562984 0.3057732038095917 -0.22560075102397414 
976.0 -0.11664134008875604 -0.6836844058843299 -0.7472034337825015 0.6272559031336491 -0.3487555302771401 
10304.0 0.016746006617971432 -0.034202228719284244 -0.8774776360814249 0.36190674322117733 -0.8821660913320204 
6352.0 -0.15116296200017532 -0.10328602654185826 -0.6154415936072763 -0.1451427965793659 -0.22560075102397414 
7252.0 -0.5229581592274608 -0.15622721955067553 -0.7309375578491646 0.7721191481642662 -0.07163196375227354 
2288.0 -0.8260952793840155 -0.2356947569269623 -0.8248401626001454 0.3570893238209407 -0.5439362264915766 
3316.0 -0.39098945680360075 -0.4244723815952063 -0.8050621614470646 -0.2769205814917066 -0.7965698822912437 
6508.0 -0.15116296200017532 -0.10328602654185826 -0.7472034337825015 0.6553109110415549 -0.7157943912209164 
2212.0 -0.9951492511299909 -0.3868911866245113 -0.922010841865532 -0.4916720719674956 -0.9471315777269347 
6216.0 -0.15449309775748832 -0.14153545808238066 -0.8248401626001454 -0.1646662177187872 -0.5622517520586443 
0.0 -0.39553560009550726 -0.2356947569269623 0.6189787163890932 -0.1646662177187872 -0.6435571117705683 
3204.0 -0.9020877208424634 -0.2356947569269623 -0.8248401626001454 -0.11582655348707283 -0.6938403485373263 
2280.0 -0.5229581592274608 0.03216137206980951 -0.49272798723652134 -0.5080714020111372 -0.22648540072181556 
1884.0 -0.1511671923898199 -0.03825837308840119 -0.36373631292294295 -0.3160788125925107 -0.7157943912209164 
0.0 -0.15116296200017532 -0.17207214232052115 0.7774419912406485 -0.2710828906066194 -0.5439362264915766 
2100.0 -0.15116296200017532 -0.10328602654185826 -0.8248401626001454 -0.41669102813413383 -0.5439362264915766 
1680.0 -0.6011787083290716 -0.5678903729074649 -0.5441540190804748 0.7721191481642662 -0.30823762894936557 
1264.0 -0.15116296200017532 -0.14153545808238066 -0.6424565673087796 0.4702732027614336 0.20330929007378518 
2468.0 -0.5282774873855016 0.0902375601137595 -0.9892966366692719 0.5998999842357378 -0.378175715124641 
12576.0 -0.3300012957438927 -0.1801856181779944 -0.8397477989987849 0.10959057055634713 -0.038327557184860694 
1936.0 -0.304590643342711 -0.15622721955067553 -0.23858066775644016 0.15890791851823605 -0.22560075102397414 
8.0 -0.09344375600030119 -0.6102767702182041 -0.3020808030212312 0.3057732038095917 0.9435911289588881 
844.0 -0.26186219715379844 -0.2356947569269623 -0.9892966366692719 -0.5442098343285535 -0.03503560628527769 
4176.0 -0.39553560009550726 -0.14153545808238066 -0.7549827605099386 -0.5478275869437377 -0.22560075102397414 
2520.0 -0.15449309775748832 0.08587136325591471 -0.9837962795418382 0.3570893238209407 -0.6435571117705683 
1188.0 -0.7901581711059429 -0.6747398021818265 -0.6154415936072763 -0.5135933558310097 -0.22560075102397414 
2460.0 -0.19237404965012628 -0.034202228719284244 -0.9892966366692719 -0.24344431092798646 -0.8821660913320204 
2896.0 -0.6011787083290716 -0.12960258299522454 -0.6698652603077357 -0.3023152388599828 0.3095724832260609 
3568.0 -0.5282774873855016 -0.14153545808238066 -0.6154415936072763 0.22315113808223086 -0.4469621217133666 
1912.0 -0.8260952793840155 -0.3481417807532321 -0.7438539311864114 0.3570893238209407 -0.6435571117705683 
1924.0 -0.6539545709237469 0.3490445968089595 -0.9208867704093393 0.4360772386967502 -0.3534800910137115 
4112.0 -0.6967798263111216 -0.14497909433674439 -0.49272798723652134 0.36190674322117733 -0.038327557184860694 
96.0 -0.9446050737870224 -0.15291120602693375 0.4642178598198772 0.8109383792942761 -0.17826514624733036 
6756.0 -0.5732620124211922 -0.10186921395796733 -0.9367808684446559 0.17382518473987063 -0.0005804716414898881 
1620.0 -0.8260952793840155 0.09421054909686077 -0.8774776360814249 0.6936556476808216 -0.5301292095925649 
5392.0 -0.304590643342711 -0.14153545808238066 -0.8248401626001454 -0.23162219211962576 -0.9326815017778267 
4440.0 -0.44256824131806694 -0.4244723815952063 -0.9801117842452796 0.2039608689496808 -0.6730500298638884 
3112.0 -0.9907373083289737 -0.10328602654185826 -0.9760087811005067 -0.7439645171374623 -0.5301292095925649 
3400.0 -0.9951492511299909 -0.1414996624833913 -0.6424565673087796 -0.034104385020654826 -0.5622517520586443 
4316.0 -0.39553560009550726 -0.2356947569269623 -0.9801117842452796 0.6443173333660881 -0.6730500298638884 
1776.0 -0.9170605344447065 -0.10328602654185826 -0.4534238591687516 0.5346942654370659 0.2431703360917663 